
1 142,504,177,594,0 1463,483,1495,573,0 1118,209,1148,291,0 305,876,357,1000,0 1567,253,1607,328,0 1407,534,1445,631,0 1387,531,1423,627,0 1053,370,1087,476,0 
2 1408,528,1444,631,2 1116,208,1146,289,0 306,875,358,999,0 1568,254,1605,328,0 1050,370,1088,466,0 
3 684,70,713,168,0 670,78,697,166,0 310,876,369,1001,0 143,504,177,593,0 1568,253,1606,329,0 1467,481,1500,572,0 1412,533,1444,632,0 1390,531,1424,630,0 1049,371,1087,463,0 
4 105,496,144,605,0 685,71,713,169,0 310,873,370,1005,0 668,77,695,168,0 1114,208,1138,279,0 141,503,176,594,0 1467,482,1503,572,0 1390,530,1428,630,0 1404,532,1446,630,0 1571,255,1607,329,0 1049,370,1084,463,0 
5 310,873,369,1005,0 140,503,176,594,0 685,72,713,169,0 668,77,695,168,0 1114,208,1138,278,0 1467,481,1502,573,0 1390,530,1428,630,0 1404,532,1447,630,0 1571,255,1607,329,0 1049,370,1084,462,0 
6 107,496,144,605,0 687,72,712,170,0 669,77,695,168,0 1473,485,1510,567,0 1401,535,1447,630,0 139,500,175,593,0 1113,210,1137,271,0 1573,255,1606,330,0 1049,367,1083,463,0 
7 687,73,712,171,0 137,497,174,592,0 668,76,693,169,0 1401,533,1449,632,0 1110,209,1135,275,0 1475,486,1513,570,0 1574,255,1606,331,0 1046,369,1082,460,0 
8 1430,534,1460,628,0 325,875,372,1003,0 135,496,173,591,0 689,69,713,171,0 1107,205,1132,280,0 1476,488,1517,572,0 1575,254,1607,331,0 1046,366,1080,461,0 666,76,695,167,0 1399,533,1447,628,0 
9 689,66,715,169,0 136,497,173,590,0 1102,205,1131,289,0 1476,489,1519,573,0 665,75,693,163,0 1577,252,1609,328,0 1399,530,1451,631,0 1044,368,1078,457,0 
10 508,63,523,96,0 329,873,372,1001,0 688,67,715,168,0 135,497,173,590,0 1102,205,1131,289,0 666,76,693,163,0 1477,489,1518,572,0 1577,252,1609,328,0 1399,532,1451,629,0 1044,368,1078,457,0 
11 688,66,715,168,0 135,497,173,590,0 330,873,372,1003,0 1102,205,1131,289,0 665,76,694,163,0 1477,489,1518,572,0 1577,252,1609,329,0 1399,532,1451,629,0 1044,368,1078,457,0 
12 342,883,389,997,0 1099,206,1128,289,0 668,71,695,163,0 1428,532,1465,629,0 1480,489,1524,576,0 134,493,170,581,0 1402,531,1448,629,0 1578,255,1612,332,0 1040,366,1078,454,0 
13 342,53,439,131,5 1096,205,1126,290,0 669,73,695,164,0 132,495,169,579,0 1486,488,1526,578,0 1405,529,1446,627,0 1427,533,1465,626,0 1038,363,1080,458,0 1579,256,1614,331,0 
14 1409,526,1453,625,0 1428,527,1466,631,0 1095,206,1124,291,0 132,493,168,581,0 1487,489,1527,577,0 1579,257,1615,331,0 1038,363,1079,455,0 
15 674,77,693,122,0 131,493,169,581,0 657,78,673,121,0 1094,205,1122,289,0 1409,526,1453,621,0 1488,489,1528,578,0 1430,527,1467,628,0 1579,257,1616,331,0 1034,363,1071,456,0 
16 675,77,694,123,0 656,77,671,123,0 1496,489,1533,575,0 130,493,168,581,0 1412,526,1451,623,0 1432,526,1469,628,0 1581,257,1616,331,0 1033,362,1070,449,0 
17 675,76,694,123,0 656,77,671,123,0 1496,489,1533,574,0 1412,526,1452,622,0 130,493,168,582,0 1430,526,1469,627,0 1581,257,1616,331,0 1033,362,1070,450,0 
18 1089,204,1113,287,0 1431,521,1469,624,0 676,76,694,125,0 656,76,670,123,0 1502,489,1534,575,0 131,490,168,585,0 1583,258,1617,331,0 1030,359,1070,450,0 
19 1425,525,1470,617,6 1506,490,1539,572,2 1506,490,1539,572,0 1091,207,1113,273,0 675,76,694,124,0 131,489,167,586,0 655,76,670,123,0 1585,258,1618,332,0 1030,356,1065,446,0 
20 1507,489,1543,577,2 1507,489,1543,577,0 673,74,692,125,0 653,74,667,123,0 1087,208,1111,271,0 130,489,167,585,0 1587,258,1619,332,0 1028,354,1065,446,0 
21 1510,492,1545,573,2 1428,517,1468,605,2 1510,492,1545,573,0 675,73,699,163,0 673,75,692,125,0 1594,258,1627,332,0 1087,206,1109,272,0 652,73,666,125,0 1027,351,1063,447,0 131,490,167,582,0 
22 1428,524,1473,617,6 1514,490,1546,571,2 1430,517,1471,602,2 1595,259,1627,333,0 672,73,692,124,0 650,72,665,127,0 1085,203,1106,278,0 131,487,167,583,0 1026,349,1061,451,0 
23 1428,524,1473,617,6 1514,490,1546,572,2 1430,517,1471,602,2 674,70,699,161,0 671,73,692,124,0 1595,259,1627,333,0 650,72,665,127,0 1084,203,1106,278,0 131,487,168,583,0 1026,349,1061,451,0 
24 1428,527,1476,615,6 1432,521,1471,600,2 672,75,691,120,0 649,72,664,126,0 1596,259,1628,332,0 1513,491,1549,574,0 1082,202,1104,278,0 131,488,167,577,0 1024,350,1060,450,0 
25 647,71,664,128,0 1454,517,1486,624,0 672,74,691,123,0 1597,260,1629,332,0 1022,347,1059,451,0 1517,494,1560,576,0 131,487,166,572,0 1427,516,1469,623,0 1079,204,1103,274,0 
26 1454,520,1487,620,0 648,73,664,126,0 1426,521,1477,618,0 673,75,691,124,0 1519,496,1560,575,0 1077,204,1102,274,0 1599,261,1631,332,0 1020,351,1059,450,0 131,485,165,572,0 
27 672,75,690,123,0 647,73,663,126,0 1074,204,1099,274,0 1599,261,1633,331,0 1520,497,1563,573,0 132,485,166,569,0 1019,351,1055,448,0 
28 648,74,665,124,0 1452,516,1492,620,0 131,481,165,569,0 1073,205,1098,273,0 1601,261,1634,332,0 1426,519,1477,616,0 1522,496,1563,579,0 1019,350,1054,451,0 
29 648,74,665,123,0 1452,515,1492,620,0 1073,205,1098,272,0 132,482,165,569,0 1426,519,1478,615,0 1601,261,1634,332,0 1522,496,1564,578,0 1019,350,1054,450,0 
30 649,74,666,121,0 1072,205,1096,274,0 1525,494,1567,578,0 1602,261,1636,332,0 130,482,166,566,0 1428,519,1479,615,0 1018,351,1055,436,0 
31 634,73,650,124,0 715,99,737,152,0 693,96,714,151,0 652,77,668,121,0 1068,205,1088,274,0 1525,503,1567,587,0 1431,519,1476,614,0 1449,517,1495,617,0 1604,262,1638,332,0 129,484,166,566,0 1018,350,1054,434,0 
32 634,73,650,124,0 715,99,737,152,0 693,96,714,151,0 1068,205,1088,274,0 652,77,667,121,0 1524,504,1567,586,0 1431,519,1477,613,0 1448,517,1496,618,0 1604,262,1638,332,0 129,484,166,566,0 1018,350,1054,435,0 
33 633,73,650,123,0 97,473,131,576,0 718,99,738,147,0 1536,494,1574,575,0 655,74,671,119,0 692,96,714,151,0 1066,206,1089,271,0 1016,342,1053,436,0 1608,267,1643,338,0 129,485,165,563,0 1458,513,1495,620,0 1439,512,1470,609,0 
34 1065,207,1087,266,0 719,99,740,149,0 632,73,649,121,0 1539,495,1575,578,0 94,473,131,577,0 1441,509,1470,613,0 694,96,715,150,0 656,74,672,120,0 1610,267,1643,339,0 1014,337,1044,432,0 1451,514,1498,619,0 127,485,167,562,0 
35 1065,207,1087,267,0 632,72,649,121,0 719,99,740,149,0 1538,495,1575,578,0 1441,510,1469,612,0 694,96,714,150,0 1610,267,1643,338,0 656,74,672,120,0 94,473,131,578,0 1013,337,1044,432,0 1451,514,1498,619,0 127,485,167,563,0 
36 1062,208,1085,266,0 1613,267,1644,340,0 1442,508,1473,609,0 720,97,741,151,0 631,74,649,122,0 94,473,131,579,0 1013,341,1043,432,0 655,74,671,119,0 693,94,714,151,0 1452,515,1494,607,0 128,483,165,563,0 
37 1544,496,1584,571,0 1015,337,1051,434,0 1477,509,1504,611,0 1061,208,1083,262,0 94,474,131,578,0 630,74,648,122,0 1456,516,1490,603,0 722,99,742,149,0 653,72,669,121,0 694,94,715,151,0 120,478,158,568,0 
38 1449,532,1497,613,6 1452,509,1497,603,2 1059,202,1078,242,0 1547,499,1586,590,0 96,473,130,581,0 721,98,743,148,0 630,74,648,123,0 654,74,669,119,0 127,481,165,561,0 695,94,715,149,0 1011,341,1043,427,0 
39 343,53,439,131,5 252,41,347,105,5 1476,510,1511,609,0 97,469,129,578,0 1546,499,1591,591,0 1450,509,1494,607,0 630,73,646,122,0 722,97,744,149,0 653,74,669,120,0 120,474,159,567,0 696,93,716,150,0 1006,339,1040,429,0 
40 1548,500,1592,570,0 1476,510,1509,606,0 628,72,643,121,0 1046,201,1077,284,0 97,470,128,579,0 1450,510,1500,607,0 122,474,157,567,0 652,70,668,118,0 723,97,745,147,0 697,93,717,149,0 1004,339,1039,428,0 
41 1548,500,1592,570,0 1475,510,1510,607,0 628,72,643,121,0 1047,201,1077,284,0 97,470,128,579,0 1450,510,1501,606,0 122,474,157,568,0 652,70,668,119,0 723,97,745,148,0 698,93,717,149,0 1004,339,1039,428,0 
42 626,70,642,122,0 1045,200,1074,284,0 97,468,129,577,0 650,67,667,119,0 120,474,156,568,0 1478,512,1513,607,0 725,97,747,148,0 1546,503,1599,594,0 700,95,719,147,0 1003,337,1038,428,0 1450,508,1495,608,0 
43 694,217,715,264,0 648,217,671,271,0 117,474,155,566,0 1044,201,1073,282,0 627,73,643,123,0 727,98,748,147,0 1479,513,1513,606,0 650,72,667,119,0 703,95,720,142,0 1548,505,1599,593,0 1003,338,1038,429,0 1451,510,1492,604,0 
44 1044,196,1072,277,0 694,217,716,262,0 1623,269,1655,344,0 648,215,671,267,0 728,98,748,146,0 122,474,157,552,0 704,96,721,139,0 1480,514,1515,604,0 1002,336,1035,429,0 1552,507,1603,596,0 1448,511,1496,604,0 
45 1624,271,1657,346,0 410,904,464,1028,0 481,967,535,1080,0 1042,207,1065,269,0 727,96,749,144,0 122,474,157,550,0 649,72,665,119,0 625,72,641,124,0 705,93,723,138,0 1482,513,1517,603,0 1555,502,1602,596,0 999,330,1035,429,0 1450,510,1499,605,0 
46 413,903,468,1029,0 1041,208,1064,266,0 648,70,665,118,0 624,70,640,122,0 706,93,724,137,0 1623,272,1661,345,0 122,473,157,551,0 1483,512,1518,605,0 1566,503,1610,596,0 998,333,1035,421,0 1451,506,1500,606,0 
47 1041,209,1064,266,0 413,903,467,1028,0 648,70,665,118,0 624,70,641,122,0 706,93,724,138,0 1623,272,1661,345,0 122,473,157,550,0 1483,511,1518,606,0 1566,503,1610,596,0 998,334,1035,421,0 1452,506,1500,607,0 
48 1041,201,1059,240,0 485,966,539,1080,0 421,905,465,1050,0 647,70,664,119,0 623,71,641,123,0 1623,272,1663,347,0 123,473,157,552,0 705,92,724,137,0 1481,509,1520,606,0 1569,499,1611,595,0 1455,505,1500,604,0 998,335,1032,420,0 
49 737,94,758,144,0 1039,200,1058,241,0 622,69,640,120,0 92,469,127,557,0 1039,209,1062,267,0 638,14,666,131,0 706,92,724,137,0 1624,272,1665,347,0 1575,502,1611,595,0 124,472,156,552,0 1457,503,1501,604,0 1478,506,1522,609,0 996,331,1031,419,0 
50 707,90,725,136,0 1578,499,1613,594,0 1038,199,1057,244,0 1626,271,1665,349,0 124,471,156,552,0 994,329,1031,422,0 1462,500,1500,601,0 1480,505,1518,608,0 
51 707,88,726,139,0 1034,197,1055,248,0 1501,506,1528,610,0 1583,498,1615,597,0 993,327,1030,424,0 124,472,157,550,0 1479,506,1515,608,0 1467,499,1499,605,0 
52 1032,196,1054,249,2 1584,501,1619,590,1 1476,505,1517,600,1 1476,505,1517,600,0 1631,270,1668,349,0 1502,503,1530,605,0 123,469,157,551,0 708,87,726,140,0 1032,196,1054,249,0 1468,497,1500,597,0 993,330,1028,420,0 
53 1584,506,1623,591,2 1584,506,1623,591,1 717,89,739,141,0 740,92,760,139,0 1033,201,1053,266,0 628,68,648,118,0 1478,503,1516,598,0 1500,506,1533,602,0 89,465,128,557,0 994,328,1027,423,0 124,467,155,552,0 
54 1584,506,1623,591,2 1584,506,1623,591,1 717,88,739,141,0 740,92,760,139,0 1033,201,1053,266,0 628,68,647,119,0 1500,506,1533,602,0 1478,503,1517,597,0 994,328,1027,424,0 89,466,128,557,0 124,467,155,552,0 
55 742,93,760,138,0 611,72,630,122,0 716,87,739,141,0 1584,511,1623,589,0 989,324,1019,425,0 89,464,127,557,0 629,70,650,118,0 124,466,155,550,0 1477,499,1515,598,0 1502,506,1536,602,0 
56 743,93,761,139,0 611,69,629,120,0 87,464,126,553,0 716,86,738,142,0 988,326,1020,423,0 124,463,155,548,0 631,67,651,117,0 1479,499,1518,596,0 1591,512,1631,590,0 1500,503,1536,601,0 
57 742,93,762,142,0 1025,199,1049,247,0 85,463,124,553,0 716,86,738,139,0 611,68,628,121,0 630,64,650,118,0 123,463,156,548,0 1479,498,1516,597,0 1591,512,1633,595,0 1505,502,1535,598,0 
58 745,93,763,140,0 83,461,123,554,0 717,87,738,138,0 630,66,650,117,0 610,72,629,121,0 123,462,157,547,0 1479,499,1523,595,0 1590,512,1637,595,0 1500,501,1539,599,0 984,323,1019,411,0 
59 745,90,765,139,0 630,65,649,117,0 717,79,737,126,0 83,462,123,548,0 610,70,626,122,0 1481,499,1521,596,0 1508,498,1539,601,0 122,462,158,546,0 1595,516,1638,594,0 983,324,1017,408,0 
60 744,90,765,139,0 717,79,737,126,0 630,66,649,117,0 83,462,123,548,0 610,71,627,121,0 1481,500,1521,595,0 1508,498,1538,600,0 122,462,158,546,0 1594,516,1637,595,0 983,324,1017,408,0 
61 719,87,738,140,0 608,68,625,123,0 746,90,766,137,0 1510,496,1538,598,0 1482,498,1523,596,0 1599,511,1640,595,0 982,324,1016,409,0 
62 747,90,766,136,0 123,459,156,543,0 607,70,624,120,0 719,79,739,128,0 1482,497,1523,597,0 1509,498,1540,602,0 981,320,1014,411,0 1602,510,1645,596,0 
63 1016,196,1036,247,0 747,89,767,137,0 720,79,739,129,0 604,70,622,120,0 121,459,157,543,0 1654,267,1682,354,0 1506,496,1542,603,0 1482,496,1526,600,0 980,322,1011,403,0 1607,510,1645,601,0 
64 627,66,643,116,0 1610,507,1646,599,0 748,89,769,138,0 1015,196,1035,246,0 722,88,742,137,0 460,934,510,1067,0 1502,498,1546,596,0 1484,494,1526,596,0 604,72,622,120,0 980,319,1011,409,0 
65 625,67,640,115,0 722,81,740,125,0 1012,195,1034,246,0 981,318,1010,403,0 461,930,512,1073,0 1615,509,1654,598,0 1488,495,1525,598,0 604,70,621,120,0 1497,500,1548,597,0 
66 625,67,639,115,0 722,82,740,125,0 981,318,1010,403,0 1012,196,1034,246,0 1614,508,1654,598,0 461,930,511,1073,0 1488,495,1525,598,0 603,70,621,120,0 1498,500,1548,597,0 
67 724,89,746,137,0 1615,510,1656,596,0 1009,194,1032,247,0 979,320,1010,405,0 603,71,622,120,0 1494,495,1547,597,0 
68 463,938,520,1070,0 623,68,639,116,0 727,81,745,126,0 1008,193,1030,246,0 1660,274,1692,353,0 1616,509,1659,599,0 602,71,621,121,0 1496,494,1547,595,0 977,320,1009,404,0 
69 1528,494,1557,597,0 624,68,639,115,0 728,81,747,126,0 466,939,522,1071,0 1006,195,1029,244,0 1618,514,1661,597,0 1499,495,1545,599,0 601,71,620,121,0 973,320,1008,400,0 
70 1005,194,1027,247,0 729,79,748,127,0 1528,493,1561,598,0 1621,515,1666,597,0 601,71,621,121,0 1498,493,1547,597,0 974,320,1007,401,0 
71 1003,195,1025,244,0 1502,490,1536,581,0 730,79,748,126,0 1527,490,1558,597,0 600,72,620,119,0 969,320,1008,400,0 
72 1003,195,1025,244,0 1502,489,1536,581,0 731,79,748,125,0 1527,490,1559,597,0 600,72,620,119,0 969,319,1008,401,0 
73 1526,490,1562,595,0 1502,491,1537,579,0 731,78,749,127,0 600,73,619,118,0 969,316,1005,401,0 
74 731,76,750,129,0 600,70,619,115,0 1637,515,1683,597,0 1529,489,1562,597,0 1504,490,1536,580,0 970,315,1005,396,0 
75 732,73,751,130,0 600,70,619,115,0 1504,489,1538,584,0 1530,490,1564,596,0 1641,515,1680,600,0 966,312,996,395,0 
76 588,67,606,115,0 741,75,761,129,0 600,70,619,117,0 964,308,996,396,0 1533,490,1563,584,0 1505,491,1539,584,0 1643,516,1682,602,0 
77 588,68,605,114,0 742,76,760,127,0 964,304,995,398,0 604,70,622,113,0 1534,493,1565,579,0 1506,492,1539,582,0 1647,516,1681,595,0 
78 588,68,605,114,0 964,304,995,398,0 742,76,760,127,0 604,70,621,113,0 1535,493,1565,579,0 1506,491,1539,583,0 1647,517,1682,595,0 
79 587,70,604,112,0 742,78,760,124,0 609,69,626,113,0 961,300,995,402,0 1533,494,1566,579,0 1650,514,1686,598,0 1504,490,1545,584,0 
80 742,77,759,124,0 642,232,669,292,0 586,71,604,112,0 609,68,626,114,0 1653,514,1690,601,0 1533,493,1567,579,0 961,305,995,395,0 1505,489,1546,585,0 
81 704,236,728,291,0 743,77,760,124,0 584,71,604,116,0 607,68,624,116,0 643,232,669,293,0 1653,516,1691,621,0 1531,494,1568,577,0 1506,489,1546,584,0 959,303,993,397,0 
82 1528,493,1567,592,0 744,76,761,126,0 584,71,603,115,0 607,68,623,113,0 959,300,990,401,0 1509,486,1545,588,0 
83 1660,519,1707,623,0 1550,490,1578,577,0 957,299,989,392,0 745,75,761,126,0 583,70,602,116,0 607,67,623,114,0 1513,484,1548,585,0 
84 957,299,990,392,0 745,75,762,126,0 583,70,602,116,0 607,67,623,114,0 1513,485,1549,585,0 
85 1662,519,1710,600,0 745,74,762,126,0 1551,489,1582,576,0 954,297,989,393,0 582,70,600,115,0 606,67,623,114,0 1519,489,1564,579,0 
86 954,299,987,389,0 581,68,600,115,0 1664,520,1709,601,0 605,66,622,114,0 1552,488,1582,578,0 1521,486,1561,579,0 
87 579,69,597,115,0 603,67,620,113,0 1664,523,1709,613,0 1555,488,1583,578,0 1523,488,1565,576,0 
88 644,240,672,295,0 1666,520,1711,599,0 577,68,595,114,0 602,66,620,112,0 1527,489,1564,576,0 1557,489,1584,578,0 954,300,984,387,0 
89 467,43,485,90,0 1670,518,1712,601,0 577,68,594,118,0 955,298,984,383,0 602,67,619,113,0 1526,488,1566,576,0 1556,488,1586,582,0 
90 1670,519,1713,600,0 577,68,594,117,0 602,67,619,113,0 955,298,984,384,0 1526,488,1566,577,0 1555,488,1586,582,0 
91 953,297,985,383,0 466,42,485,90,0 576,68,593,117,0 602,67,619,113,0 1555,488,1587,579,0 1530,485,1566,578,0 
92 952,293,983,385,0 642,242,672,294,0 576,68,593,115,0 466,43,485,89,0 1680,518,1718,598,0 601,67,617,112,0 1554,487,1587,579,0 1532,482,1568,575,0 
93 576,70,593,113,0 643,244,671,292,0 466,44,484,89,0 951,297,983,382,0 1687,521,1725,597,0 600,68,616,112,0 1555,485,1588,583,0 1535,480,1567,579,0 
94 599,67,615,112,0 1688,520,1726,599,0 121,435,150,516,0 466,45,483,89,0 530,968,588,1080,0 950,296,981,379,0 1556,485,1589,579,0 1536,479,1567,579,0 
95 1690,521,1730,596,0 1329,784,1370,882,0 529,970,590,1080,0 466,46,482,89,0 1285,787,1325,898,0 948,296,981,381,0 1556,485,1592,582,0 1536,480,1567,580,0 
96 1329,785,1370,882,0 529,969,590,1080,0 466,46,482,89,0 1285,785,1325,898,0 1557,485,1592,581,0 948,295,981,381,0 1536,480,1567,580,0 
97 465,43,482,88,0 1558,483,1591,578,0 1538,480,1568,581,0 531,970,588,1079,0 947,296,979,380,0 
98 464,43,482,88,0 1557,480,1590,580,0 1540,475,1570,580,0 530,972,593,1079,0 946,294,980,383,0 
99 463,45,481,88,0 1573,481,1600,581,0 1556,482,1586,579,0 947,297,978,377,0 535,975,595,1078,0 1541,476,1569,582,0 
100 463,45,481,88,0 1573,481,1600,581,0 1555,483,1585,578,0 947,297,979,377,0 535,975,595,1078,0 1542,476,1569,582,0 
101 1576,480,1604,577,0 1699,527,1746,616,0 541,978,598,1075,0 942,292,972,372,0 1545,482,1591,577,0 
102 1576,479,1604,578,0 1699,527,1746,616,0 542,979,598,1075,0 1544,482,1591,577,0 942,292,972,373,0 
103 555,973,605,1080,0 1574,482,1606,577,0 1700,527,1748,618,0 943,291,971,374,0 1546,481,1591,575,0 
104 1710,521,1754,624,0 1575,483,1607,575,0 941,290,970,374,0 1549,478,1589,576,0 
105 1351,787,1395,900,0 1711,528,1755,621,0 1574,480,1608,574,0 940,288,969,370,0 1551,475,1590,575,0 
106 940,288,966,371,0 1577,475,1610,576,0 1554,472,1590,572,0 1712,527,1757,623,0 
107 940,288,966,370,0 1577,474,1610,576,0 1555,472,1591,572,0 1712,527,1757,623,0 
108 556,987,615,1080,0 1719,523,1761,624,0 938,284,966,372,0 1558,471,1591,575,0 1577,473,1609,578,0 
109 1557,471,1593,572,0 936,281,966,373,0 558,988,618,1075,0 1570,472,1610,575,0 
110 1729,523,1766,627,0 1560,470,1591,572,0 935,282,967,371,0 1580,469,1610,575,0 558,986,617,1075,0 
111 1562,468,1590,574,0 558,989,623,1079,0 1731,521,1766,626,0 1583,467,1611,575,0 
112 1580,466,1612,577,1 1584,471,1612,555,0 561,988,625,1079,0 1566,463,1589,560,0 931,280,964,373,0 
113 1581,467,1612,576,1 1584,470,1612,555,0 561,988,625,1079,0 1566,463,1589,560,0 931,280,963,374,0 
114 643,250,667,311,0 1567,464,1589,561,0 932,281,962,371,0 1735,529,1778,620,0 1578,465,1613,575,0 
115 1566,465,1592,559,0 930,276,961,366,0 1738,532,1781,617,0 1574,466,1616,574,0 
116 643,252,668,311,0 1567,464,1593,562,0 1737,533,1787,622,0 1571,471,1616,568,0 931,276,961,364,0 
117 1740,533,1786,626,0 928,276,962,365,0 1570,468,1614,559,0 
118 926,278,960,363,0 1739,534,1790,624,0 1571,475,1617,562,0 
119 927,277,960,363,0 1739,534,1789,624,0 1571,475,1617,563,0 
120 926,271,957,362,0 1746,532,1791,626,0 1570,474,1618,563,0 
121 926,269,956,358,0 1749,532,1793,625,0 1570,469,1615,557,0 
122 1597,464,1631,575,0 1572,467,1614,559,0 1760,535,1800,622,0 927,275,955,357,0 
123 765,230,789,291,0 1575,466,1621,557,0 1761,534,1800,625,0 926,276,955,356,0 
124 766,232,790,292,0 1765,529,1802,632,0 1577,463,1622,559,0 923,274,955,357,0 
125 766,233,790,292,0 1765,530,1802,632,0 1578,463,1623,558,0 923,274,955,358,0 
126 1769,529,1806,632,0 1580,463,1622,556,0 923,274,956,356,0 
127 1585,464,1619,551,2 1598,464,1634,554,2 1585,464,1619,551,1 641,263,669,314,0 763,219,789,306,0 921,274,955,358,0 
128 1592,482,1633,565,6 1594,462,1635,553,2 643,263,667,314,0 921,272,954,358,0 
129 761,223,792,305,0 1773,535,1816,627,0 1597,467,1635,549,0 917,270,948,352,0 
130 761,227,793,310,0 1592,461,1617,554,0 1601,467,1635,550,0 917,269,948,353,0 
131 760,227,793,311,0 1592,462,1618,554,0 1601,467,1635,550,0 917,269,948,353,0 
132 1597,464,1637,551,0 915,268,948,353,0 
133 1600,465,1637,546,2 1787,536,1827,624,0 915,267,945,351,0 
134 1790,538,1829,622,0 1596,463,1637,558,0 913,264,943,352,0 
135 640,265,667,316,0 912,262,942,348,0 
136 1600,464,1639,550,2 1600,464,1639,550,1 1600,464,1639,550,0 911,258,941,351,0 
137 1600,465,1640,549,2 1600,465,1640,549,1 911,257,940,352,0 
138 704,268,729,316,0 638,265,666,317,0 1625,462,1651,551,0 1798,538,1838,625,0 909,257,941,351,0 1597,463,1636,554,0 
139 765,234,791,292,0 1804,533,1837,625,0 1621,462,1653,555,0 907,258,940,351,0 1598,461,1637,555,0 
140 1600,459,1645,556,0 908,257,938,350,0 
141 1812,538,1846,623,0 907,258,937,349,0 1619,463,1658,551,0 1601,458,1643,553,0 
142 767,235,792,293,0 1814,540,1851,620,0 906,259,937,346,0 1625,462,1657,552,0 1605,454,1638,552,0 
143 767,235,792,291,0 1814,540,1851,620,0 906,260,937,346,0 1626,462,1658,552,0 1606,453,1637,553,0 
144 905,257,936,339,0 1814,539,1855,648,0 1621,461,1660,553,0 1608,453,1640,552,0 
145 1816,540,1858,625,0 1623,459,1660,556,0 904,254,934,339,0 1609,450,1642,557,0 
146 642,275,664,335,0 1620,457,1661,555,0 889,168,909,216,0 1610,449,1643,553,0 904,254,934,340,0 
147 770,235,791,293,0 902,255,933,336,0 1882,421,1917,505,0 1613,448,1641,552,0 1625,460,1662,550,0 
148 1874,414,1911,512,0 902,251,933,338,0 1612,445,1641,553,0 1626,454,1663,553,0 
149 1873,414,1911,512,0 902,251,933,338,0 1612,445,1641,553,0 1626,454,1663,553,0 
150 884,171,907,209,0 1613,445,1641,547,0 902,249,931,334,0 1873,415,1909,509,0 1625,453,1663,548,0 
151 770,236,793,298,0 1644,451,1672,548,0 883,171,905,210,0 1614,446,1641,546,0 1872,415,1907,506,0 1625,453,1663,545,0 900,253,931,333,0 
152 1644,448,1673,549,0 1614,449,1643,545,0 881,171,905,212,0 1622,455,1661,543,0 1872,414,1902,509,0 899,251,930,336,0 
153 880,168,903,217,0 1620,456,1662,542,0 1872,411,1900,509,0 899,251,929,333,0 
154 640,281,665,335,0 874,164,898,217,0 1644,446,1676,548,0 1619,450,1663,543,0 898,253,930,331,0 1872,410,1899,508,0 
155 640,281,665,335,0 1644,446,1676,548,0 1619,450,1662,543,0 898,253,930,331,0 1872,410,1899,508,0 
156 1645,445,1678,547,0 873,164,897,215,0 1620,450,1662,541,0 893,252,924,330,0 1869,410,1897,505,0 
157 640,280,665,335,0 1645,445,1678,544,0 1620,451,1664,539,0 1866,411,1893,507,0 893,251,921,328,0 
158 1643,444,1678,549,0 1622,447,1659,531,0 1863,410,1892,512,0 893,251,921,327,0 
159 1861,411,1888,508,0 1624,447,1658,532,0 1647,443,1680,552,0 892,250,920,326,0 
160 774,240,797,293,0 1644,443,1680,546,0 1853,412,1883,507,0 1623,446,1660,533,0 891,247,920,328,0 
161 774,240,796,292,0 1645,443,1680,547,0 1623,446,1660,533,0 1853,412,1883,507,0 891,247,920,327,0 
162 1647,449,1681,530,0 1624,447,1663,531,0 1848,413,1885,504,0 889,250,919,328,0 
163 1649,448,1682,530,0 1626,445,1665,529,0 889,244,917,329,0 1846,415,1883,505,0 
164 886,241,916,325,0 1649,449,1685,529,0 1628,444,1664,529,0 1843,416,1882,503,0 
165 886,243,916,326,0 1651,445,1684,545,0 1631,441,1664,532,0 1839,416,1879,504,0 
166 884,243,915,324,0 1646,447,1683,532,0 1633,440,1664,535,0 1834,418,1878,504,0 
167 884,243,915,324,0 1646,447,1683,532,0 1633,441,1665,534,0 1834,418,1878,504,0 
168 1643,446,1685,528,2 1643,446,1685,528,0 882,245,915,327,0 1833,417,1877,504,0 
169 1643,446,1683,528,0 882,241,913,331,0 1833,412,1873,506,0 
170 880,241,911,329,0 1645,446,1682,529,0 1834,411,1869,504,0 
171 1644,445,1684,528,0 1835,408,1866,504,0 
172 1645,445,1685,528,0 879,240,909,320,0 1830,406,1858,505,0 
173 1645,445,1685,528,0 880,240,909,320,0 1830,406,1858,505,0 
174 1644,444,1686,529,0 879,238,908,320,0 
175 849,161,872,215,0 1826,402,1855,504,0 879,238,907,319,0 1644,445,1685,530,0 
176 1825,405,1853,503,0 878,236,906,320,0 1645,445,1684,530,0 
177 866,63,887,113,0 1673,441,1700,536,0 877,237,907,319,0 1648,442,1686,536,0 
178 1818,412,1850,499,0 876,235,908,312,0 1668,440,1700,535,0 1648,441,1688,534,0 
179 1818,412,1850,499,0 1667,440,1701,535,0 877,234,908,312,0 1648,441,1688,534,0 
180 767,251,801,323,0 875,232,908,315,0 1670,443,1703,531,0 1649,442,1689,533,0 1808,416,1849,499,0 
181 773,250,798,319,0 870,233,898,311,0 1663,442,1705,528,0 1808,414,1848,501,0 
182 843,160,865,214,0 869,236,899,309,0 1807,415,1846,502,0 1661,440,1706,533,0 
183 843,160,864,214,0 869,235,898,309,0 1666,442,1705,530,0 1798,412,1842,502,0 
184 840,158,861,213,0 1661,433,1690,534,0 868,232,898,310,0 1797,413,1841,502,0 
185 840,158,861,213,0 1660,433,1690,534,0 869,232,898,310,0 1797,413,1841,502,0 
186 765,255,803,325,0 839,158,860,213,0 1663,431,1689,534,0 1672,441,1704,528,0 870,234,897,305,0 1796,413,1839,501,0 
187 1668,440,1707,524,0 867,235,897,303,0 1793,415,1836,500,0 
188 1893,441,1918,566,0 765,252,801,323,0 1793,416,1833,497,0 865,231,895,304,0 
189 766,252,801,323,0 1793,415,1833,497,0 865,231,895,304,0 
190 1890,441,1917,564,0 1791,411,1828,497,0 862,229,893,305,0 
191 764,256,803,323,0 1890,441,1917,565,0 1791,411,1828,497,0 863,229,893,305,0 
192 1890,448,1918,563,0 1670,436,1710,523,0 1791,405,1822,495,0 861,225,892,308,0 
193 1670,437,1710,522,0 764,249,799,329,0 863,228,892,303,0 1789,408,1818,492,0 
194 1692,434,1722,524,0 1885,456,1916,554,0 1787,403,1817,494,0 1671,439,1710,520,0 859,229,890,305,0 
195 1690,436,1724,523,0 1884,458,1915,553,0 860,229,889,304,0 1783,401,1812,497,0 1668,436,1714,521,0 
196 1782,399,1808,483,0 1691,436,1724,522,0 1881,459,1917,552,0 859,226,888,306,0 1669,438,1714,521,0 
197 1782,399,1808,483,0 1691,435,1724,521,0 1881,459,1917,552,0 859,227,888,305,0 1669,438,1714,520,0 
198 1871,454,1911,554,0 1692,435,1726,526,0 1772,404,1811,495,0 857,225,888,308,0 1670,436,1715,524,0 
199 857,223,888,300,0 1671,431,1719,525,0 1769,403,1809,495,0 
200 1868,448,1908,558,0 1688,433,1730,526,0 856,223,888,299,0 1765,404,1807,497,0 
201 1870,445,1905,559,0 856,223,886,301,0 1687,433,1732,524,0 1762,405,1807,496,0 
202 1868,447,1902,553,0 856,221,887,295,0 1686,430,1732,522,0 1760,406,1806,495,0 
203 1863,448,1903,552,0 1686,431,1735,524,0 1759,405,1803,496,0 
204 1863,448,1903,552,0 1686,432,1735,524,0 1759,405,1803,496,0 
205 854,217,882,297,0 1862,447,1899,553,0 1758,405,1800,493,0 
206 856,222,882,295,0 1758,402,1797,493,0 1860,448,1895,548,0 
207 853,219,882,296,0 1759,396,1787,498,0 1860,450,1893,550,0 
208 852,219,882,296,0 1857,450,1893,553,0 1758,399,1784,483,0 
209 1850,452,1886,546,0 1756,396,1781,486,0 852,217,881,296,0 
210 1850,453,1886,545,0 1756,396,1781,487,0 852,216,881,297,0 
211 1755,393,1781,486,0 1844,455,1886,548,0 847,216,877,299,0 
212 1752,391,1778,489,0 846,219,877,293,0 1842,457,1884,547,0 
213 1695,426,1738,520,0 1839,458,1881,550,0 
214 1694,428,1738,518,0 1748,396,1775,482,0 847,216,876,294,0 1837,453,1880,551,0 
215 845,212,873,285,0 1836,455,1878,551,0 
216 845,212,873,284,0 1835,456,1878,552,0 
217 1695,428,1743,518,0 843,212,872,285,0 1831,456,1877,552,0 
218 1722,409,1760,517,0 1698,426,1742,517,0 843,207,870,289,0 1830,457,1875,551,0 
219 1722,409,1760,517,0 1703,415,1736,513,0 843,207,871,288,0 1830,458,1875,551,0 
220 1706,414,1736,508,0 1718,411,1761,514,0 1825,452,1863,553,0 
221 1716,411,1759,513,0 840,207,869,287,0 1824,451,1862,552,0 
222 1716,411,1759,513,0 840,208,869,286,0 1824,450,1863,553,0 
223 1714,431,1760,519,6 1717,409,1760,515,2 1524,941,1567,1071,0 841,207,868,285,0 1823,450,1859,548,0 
224 1715,405,1758,518,0 1821,447,1858,550,0 838,208,869,284,0 
225 1716,400,1761,521,2 463,46,477,89,0 1716,400,1761,521,0 1820,448,1856,548,0 838,206,868,283,0 
226 1714,435,1761,516,6 1717,405,1759,512,2 1815,448,1856,548,0 837,205,866,281,0 
227 462,47,477,91,0 1813,454,1853,547,0 836,207,868,281,0 1717,406,1760,515,0 
228 462,47,477,91,0 1743,419,1769,523,0 1813,455,1853,547,0 836,207,867,282,0 1717,407,1759,514,0 
229 836,206,866,282,0 1718,408,1757,513,0 1807,454,1851,545,0 
230 835,204,864,282,0 1715,406,1761,512,0 1806,456,1850,548,0 
231 1526,953,1575,1073,0 1743,418,1773,509,0 1805,455,1849,549,0 836,202,865,281,0 1714,405,1758,505,0 
232 1740,417,1773,508,0 834,197,865,282,0 1714,408,1756,506,0 1798,452,1841,552,0 
233 834,200,864,282,0 1797,452,1840,551,0 
234 834,199,864,282,0 1798,452,1839,551,0 
235 1799,449,1836,552,0 832,197,862,277,0 
236 1744,420,1774,501,0 1703,402,1736,505,0 832,198,863,277,0 1797,450,1834,545,0 
237 1742,415,1776,513,0 1797,445,1830,550,0 1700,398,1732,504,0 831,198,861,278,0 
238 1727,412,1761,506,0 1739,417,1777,509,0 1692,399,1733,500,0 1793,443,1828,552,0 833,199,858,275,0 
239 1790,447,1827,549,0 1727,409,1761,504,0 1689,397,1731,499,0 1744,416,1778,509,0 833,195,857,274,0 
240 1790,446,1826,549,0 1727,409,1762,505,0 1689,397,1731,500,0 1743,415,1778,510,0 833,195,857,274,0 
241 1730,406,1763,504,0 1692,399,1725,484,0 1742,415,1777,507,0 828,198,858,276,0 
242 1732,404,1763,502,0 1744,415,1778,504,0 827,198,858,275,0 1691,397,1724,485,0 
243 1733,404,1762,500,0 1743,415,1778,499,0 826,197,858,274,0 1688,392,1714,487,0 
244 1734,403,1762,499,0 826,195,857,274,0 1688,393,1714,485,0 
245 823,195,851,273,0 1742,412,1775,496,0 1687,392,1713,483,0 
246 822,195,852,273,0 1742,411,1776,496,0 1686,392,1713,483,0 
247 1741,410,1776,495,0 822,193,851,272,0 1685,391,1710,482,0 
248 1742,409,1773,495,0 1683,393,1708,481,0 
249 1742,410,1773,494,0 1683,393,1708,482,0 
250 1675,392,1705,480,0 821,191,850,271,0 1741,408,1778,494,0 
251 822,191,849,270,0 
252 822,190,849,271,0 
253 1669,391,1703,487,0 
254 819,190,848,271,0 1667,392,1700,487,0 
255 1760,410,1801,498,0 1665,393,1699,487,0 
256 816,185,846,276,0 1764,412,1801,496,0 1747,406,1788,495,0 1655,394,1694,486,0 
257 1750,402,1783,498,0 1769,414,1801,498,0 1654,398,1693,483,0 
258 459,44,477,86,0 1750,402,1783,498,0 1769,414,1801,498,0 1654,398,1693,483,0 
259 1774,413,1802,498,0 1750,403,1784,499,0 1652,398,1690,483,0 
260 1750,402,1785,514,0 1776,408,1804,504,0 1649,397,1688,483,0 
261 1750,401,1785,509,0 1777,409,1804,498,0 1650,397,1685,482,0 
262 811,176,844,259,0 1774,406,1806,496,0 1651,395,1684,482,0 
263 811,180,842,259,0 1777,408,1806,498,0 1647,395,1682,484,0 
264 810,180,842,259,0 1777,408,1807,498,0 1647,395,1682,484,0 
265 738,134,762,185,0 810,178,841,259,0 1777,405,1806,496,0 1648,392,1680,485,0 
266 739,132,760,170,0 813,183,839,255,0 1772,404,1807,495,0 1648,391,1676,484,0 
267 1726,443,1764,530,0 808,179,842,258,0 1766,399,1810,498,0 1646,392,1672,479,0 
268 807,178,840,258,0 1726,442,1760,531,0 1767,404,1810,494,0 1644,392,1671,483,0 
269 1723,444,1759,528,0 805,179,839,258,0 1766,403,1810,491,0 1641,390,1665,481,0 
270 1723,444,1759,527,0 805,179,838,258,0 1766,403,1809,492,0 1642,390,1664,481,0 
271 1640,391,1665,478,0 1722,445,1755,527,0 1767,403,1809,491,0 804,181,838,258,0 
272 730,132,752,195,0 1635,391,1663,478,0 804,177,836,257,0 1719,444,1752,527,0 1768,399,1802,484,0 
273 1718,443,1752,530,0 1629,390,1662,482,0 1767,400,1807,482,0 802,177,837,256,0 
274 802,176,835,256,0 1767,398,1806,484,0 1626,390,1660,482,0 
275 1787,400,1822,482,0 1714,438,1748,530,0 1766,398,1806,483,0 1623,393,1659,480,0 
276 1787,400,1822,482,0 1714,438,1747,531,0 1766,398,1807,483,0 1623,393,1659,480,0 
277 1784,401,1824,481,0 1702,437,1743,533,0 1767,399,1811,483,0 1619,396,1658,479,0 
278 1769,398,1811,480,0 1698,440,1742,532,0 1618,396,1657,479,0 
279 1773,396,1811,477,0 1697,438,1737,533,0 1616,394,1655,484,0 
280 1772,414,1817,487,3 1775,395,1814,475,1 437,28,457,81,0 1694,436,1734,536,0 1617,394,1651,482,0 
281 1777,395,1812,475,1 1777,395,1812,475,0 1691,438,1733,535,0 1613,390,1645,486,0 
282 1776,395,1812,475,1 1776,395,1812,475,0 1692,438,1733,535,0 1613,390,1645,487,0 
283 1785,397,1825,477,2 1778,395,1814,476,1 1690,438,1732,534,0 1613,388,1643,481,0 
284 1785,395,1826,478,2 1785,395,1826,478,1 1785,395,1826,478,0 1686,438,1731,533,0 1614,388,1641,482,0 
285 1788,395,1826,477,2 1788,395,1826,477,1 1688,438,1728,530,0 1614,387,1638,479,0 
286 1786,414,1827,489,3 1788,394,1828,477,2 1788,394,1828,477,1 1687,438,1726,531,0 1612,387,1636,478,0 
287 1788,414,1827,487,3 1789,394,1828,477,2 1789,394,1828,477,1 1681,433,1718,530,0 1608,390,1633,481,0 
288 1788,414,1827,487,3 1790,395,1828,476,2 1790,395,1828,476,1 1681,433,1718,530,0 1609,390,1633,481,0 
289 1790,394,1830,475,2 1790,394,1830,475,1 1607,387,1632,480,0 1680,431,1715,525,0 
290 1791,392,1830,477,1 1603,389,1630,472,0 1791,392,1830,477,0 1678,432,1711,527,0 
291 1600,391,1627,476,0 1677,430,1709,530,0 1789,392,1828,481,0 
292 1674,428,1707,531,0 788,136,819,245,0 1598,390,1625,476,0 1789,392,1828,482,0 
293 786,134,819,249,0 1670,433,1707,532,0 1791,391,1829,483,0 1595,393,1626,476,0 
294 786,134,819,249,0 1670,433,1707,532,0 1791,391,1829,483,0 1595,393,1626,476,0 
295 784,139,819,247,0 1793,391,1830,481,0 1665,434,1705,526,0 1587,391,1622,481,0 
296 1794,389,1831,481,1 1794,389,1831,481,0 784,138,818,246,0 1663,436,1703,523,0 1586,392,1621,479,0 
297 1795,389,1831,480,1 1795,389,1831,480,0 785,147,817,244,0 1665,434,1700,529,0 1585,394,1620,479,0 
298 784,147,816,242,0 1664,434,1700,529,0 1796,388,1832,482,0 1581,395,1619,477,0 
299 704,119,726,170,0 1798,386,1835,481,0 783,149,814,242,0 1658,431,1693,527,0 1578,392,1615,480,0 
300 704,119,726,170,0 1799,387,1834,481,0 784,149,814,242,0 1658,431,1693,527,0 1578,392,1615,480,0 
301 783,149,812,241,0 1657,430,1688,528,0 1578,391,1613,483,0 1800,386,1834,482,0 
302 702,119,724,173,0 782,150,811,240,0 1655,429,1686,530,0 1578,391,1611,480,0 1800,386,1833,482,0 
303 1653,425,1683,529,0 782,149,809,240,0 1578,392,1607,478,0 1800,384,1835,482,0 
304 701,116,723,173,0 781,150,809,238,0 1649,427,1683,533,0 1576,392,1603,476,0 1802,384,1835,481,0 
305 701,116,722,173,0 781,150,809,238,0 1649,427,1683,534,0 1576,393,1603,477,0 1810,386,1844,481,0 
306 781,151,809,237,0 1646,428,1681,530,0 1813,385,1843,483,0 1573,392,1600,480,0 
307 1805,385,1834,476,1 1812,389,1844,474,0 1572,388,1599,479,0 699,116,721,172,0 1643,429,1678,521,0 780,151,809,234,0 
308 1806,429,1828,479,3 1564,435,1591,482,3 1806,385,1834,475,1 1567,387,1594,477,1 1813,387,1844,475,0 697,115,721,174,0 780,151,809,236,0 1641,432,1677,524,0 
309 1812,387,1846,475,1 1812,387,1846,475,0 696,116,720,172,0 776,147,802,242,0 1565,390,1593,479,0 1629,429,1674,525,0 
310 1810,387,1848,472,1 1810,387,1848,472,0 695,117,719,172,0 774,143,802,239,0 1559,393,1592,480,0 1627,430,1674,524,0 
311 1810,388,1849,472,1 1810,388,1849,472,0 695,117,719,173,0 774,143,802,239,0 1559,392,1592,481,0 1627,429,1674,523,0 
312 693,114,720,175,0 1810,386,1850,471,0 774,149,802,236,0 1551,395,1590,479,0 1623,431,1672,523,0 
313 692,115,718,173,0 774,156,801,233,0 1812,384,1850,472,0 1620,431,1668,526,0 1550,395,1589,477,0 
314 772,151,800,230,0 690,114,717,172,0 1620,434,1666,524,0 1813,383,1849,471,0 1548,397,1589,477,0 
315 689,113,714,168,0 770,148,798,234,0 1619,431,1663,519,0 1813,382,1851,472,0 1544,399,1587,478,0 
316 689,114,713,163,0 772,157,796,226,0 1617,429,1662,518,0 1813,381,1852,470,0 1544,396,1584,477,0 
317 689,114,713,164,0 772,157,796,226,0 1617,429,1661,519,0 1813,382,1852,470,0 1544,396,1584,477,0 
318 689,113,714,167,0 770,157,794,226,0 1615,427,1657,519,0 1813,382,1853,470,0 1544,397,1583,478,0 
319 1615,425,1654,519,0 1545,392,1578,480,0 1813,381,1855,470,0 
320 1613,421,1645,524,0 1813,379,1855,473,0 1541,391,1572,481,0 
321 1815,380,1854,469,1 1819,375,1853,459,0 1612,420,1644,522,0 1540,390,1571,481,0 
322 1816,382,1856,469,1 1820,376,1854,458,0 1609,418,1641,526,0 1542,385,1568,481,0 
323 1816,382,1856,468,1 1609,418,1641,526,0 1542,385,1568,482,0 
324 1823,433,1849,474,3 1818,385,1857,467,1 1603,420,1640,523,0 1538,385,1564,481,0 
325 1820,384,1860,467,1 1598,419,1638,526,0 1536,389,1561,479,0 
326 1820,382,1861,467,1 1822,377,1858,457,0 1534,389,1560,479,0 1595,421,1637,524,0 
327 1822,380,1860,469,1 1833,376,1866,473,0 765,160,790,224,0 1530,392,1560,474,0 1590,423,1638,523,0 
328 1823,380,1861,469,1 763,157,787,223,0 1833,375,1867,473,0 1589,425,1636,521,0 1524,395,1558,474,0 
329 1822,379,1861,469,1 763,157,787,223,0 1833,376,1867,472,0 1589,425,1636,520,0 1525,395,1558,474,0 
330 682,110,705,166,0 763,154,787,220,0 1833,375,1868,473,0 1588,426,1635,521,0 1521,396,1557,474,0 
331 682,110,704,168,0 761,154,786,220,0 1824,379,1862,467,0 1588,424,1635,520,0 1520,394,1556,475,0 
332 681,110,703,169,0 757,146,787,226,0 1585,420,1623,507,0 1824,379,1862,467,0 1514,392,1551,478,0 
333 1584,420,1620,508,0 1823,379,1863,466,0 1513,392,1551,480,0 
334 679,111,701,165,0 1832,376,1871,473,0 1582,418,1617,507,0 1511,394,1549,478,0 
335 679,111,701,166,0 1831,376,1871,472,0 1582,418,1617,506,0 1511,394,1549,478,0 
336 1823,379,1862,468,0 677,110,699,164,0 1581,419,1614,506,0 1509,394,1545,478,0 
337 1823,380,1862,467,0 1578,420,1612,508,0 1511,391,1543,477,0 