
1 
2 
3 
4 
5 
6 
7 
8 
9 
10 
11 
12 
13 
14 
15 
16 
17 
18 
19 
20 
21 
22 
23 
24 
25 
26 
27 
28 
29 
30 
31 
32 
33 
34 
35 
36 
37 
38 
39 
40 
41 
42 
43 
44 
45 
46 
47 
48 
49 
50 
51 
52 
53 
54 
55 
56 
57 
58 
59 
60 
61 
62 
63 
64 
65 
66 
67 
68 
69 
70 
71 
72 
73 
74 
75 
76 
77 
78 
79 
80 
81 777,152,816,238,0 
82 
83 
84 
85 
86 
87 
88 
89 
90 
91 
92 
93 
94 
95 
96 
97 
98 
99 
100 
101 
102 
103 
104 
105 1032,619,1088,773,0 
106 1032,619,1088,773,0 
107 
108 
109 
110 
111 
112 
113 
114 
115 
116 
117 
118 
119 
120 
121 
122 
123 
124 
125 
126 
127 
128 
129 
130 
131 
132 
133 
134 
135 
136 
137 
138 
139 
140 
141 
142 
143 
144 1431,791,1478,894,0 
145 1430,794,1478,892,0 
146 1430,794,1477,892,0 
147 1429,797,1475,892,0 
148 
149 
150 
151 
152 1431,793,1476,895,0 
153 1431,793,1476,895,0 
154 1430,793,1475,894,0 
155 1431,794,1477,895,0 
156 1429,790,1478,895,0 
157 1429,790,1477,894,0 
158 1429,792,1475,893,0 
159 1429,793,1475,893,0 
160 1430,793,1478,895,0 
161 1430,794,1478,894,0 
162 1428,797,1475,894,0 
163 1428,795,1474,893,0 
164 1426,797,1474,893,0 
165 1426,797,1474,893,0 
166 1426,797,1474,893,0 
167 1427,796,1474,893,0 
168 
169 
170 
171 
172 
173 
174 1427,799,1475,892,0 
175 1428,796,1475,892,0 
176 1429,798,1475,893,0 
177 1429,798,1475,893,0 
178 1429,795,1477,893,0 
179 1431,797,1474,892,0 
180 1431,796,1476,893,0 
181 1427,794,1477,893,0 
182 1429,795,1476,892,0 
183 1429,795,1476,892,0 
184 1429,793,1477,893,0 
185 1429,794,1477,893,0 
186 1429,794,1476,893,0 
187 1429,794,1476,895,0 
188 1429,795,1476,894,0 
189 1429,795,1476,894,0 
190 1431,796,1476,894,0 
191 1430,796,1476,894,0 
192 1431,797,1476,893,0 
193 1430,797,1477,892,0 
194 1432,797,1476,892,0 
195 1432,797,1476,892,0 
196 1433,795,1477,892,0 
197 1433,795,1477,892,0 
198 1430,794,1476,893,0 
199 
200 
201 
202 1430,795,1475,891,0 
203 
204 
205 
206 1430,794,1477,890,0 
207 
208 
209 
210 
211 
212 1432,798,1475,888,0 
213 1432,798,1475,888,0 
214 
215 
216 1431,796,1475,890,0 
217 1432,793,1479,892,0 
218 1431,790,1481,891,0 
219 1431,791,1481,891,0 
220 1433,793,1477,891,0 
221 
222 1432,790,1475,891,0 
223 1456,791,1489,893,0 1431,790,1475,894,0 
224 1457,791,1491,893,0 1431,790,1476,895,0 
225 1457,791,1491,893,0 1431,790,1476,894,0 
226 1456,789,1487,898,0 1433,791,1474,895,0 
227 1456,788,1488,898,0 1433,790,1474,895,0 
228 1452,788,1491,896,0 1432,787,1477,893,0 
229 1433,793,1472,891,0 
230 
231 
232 1432,794,1477,889,0 
233 
234 
235 
236 
237 
238 1445,793,1495,899,0 
239 1448,796,1495,895,0 
240 
241 
242 
243 
244 
245 
246 
247 
248 
249 
250 
251 
252 
253 
254 
255 
256 
257 
258 
259 
260 
261 
262 
263 
264 
265 
266 
267 
268 
269 
270 
271 
272 
273 
274 
275 
276 
277 
278 
279 
280 
281 
282 
283 
284 
285 
286 
287 
288 
289 
290 
291 
292 
293 
294 
295 
296 
297 
298 
299 
300 
301 
302 
303 
304 
305 
306 
307 
308 
309 
310 
311 
312 
313 
314 
315 
316 
317 
318 
319 
320 
321 
322 
323 
324 
325 
326 
327 
328 
329 
330 
331 
332 
333 
334 
335 
336 
337 
338 
339 
340 
341 
342 
343 
344 
345 
346 
347 
348 
349 
350 
351 
352 
353 
354 
355 
356 
357 
358 
359 
360 
361 
362 
363 
364 
365 
366 
367 
368 
369 
370 
371 
372 
373 
374 
375 
376 
377 
378 
379 
380 
381 
382 
383 
384 
385 
386 
387 
388 
389 
390 
391 
392 
393 
394 
395 
396 
397 
398 
399 
400 
401 
402 
403 
404 
405 
406 
407 
408 
409 
410 
411 
412 
413 600,80,721,145,5 
414 594,82,716,147,5 
415 572,84,711,151,5 
416 572,84,710,151,5 
417 567,84,709,150,5 
418 
419 
420 
421 
422 
423 
424 
425 
426 
427 511,87,655,156,5 
428 511,87,655,156,5 
429 
430 
431 
432 
433 
434 
435 
436 
437 
438 
439 
440 
441 
442 
443 
444 
445 
446 
447 
448 
449 
450 
451 
452 
453 
454 
455 
456 
457 
458 
459 
460 
461 
462 
463 
464 
465 
466 
467 
468 
469 
470 
471 
472 
473 
474 
475 
476 
477 
478 
479 
480 
481 
482 
483 
484 
485 
486 
487 
488 
489 
490 
491 
492 
493 
494 
495 
496 
497 
498 
499 
500 
501 
502 
503 
504 
505 
506 
507 
508 
509 
510 
511 
512 
513 
514 
515 
516 
517 
518 
519 
520 
521 
522 
523 
524 
525 
526 
527 
528 
529 
530 
531 
532 
533 
534 
535 
536 
537 
538 
539 
540 
541 
542 
543 
544 1454,808,1490,904,0 
545 1453,797,1495,899,0 
546 
547 
548 
549 
550 
551 
552 
553 
554 
555 
556 
557 
558 1433,790,1479,891,0 
559 1431,788,1477,889,0 
560 
561 
562 
563 
564 
565 
566 
567 
568 
569 
570 
571 
572 
573 
574 
575 
576 
577 
578 
579 
580 
581 
582 
583 
584 
585 
586 
587 
588 
589 
590 
591 
592 
593 
594 
595 
596 
597 
598 
599 
600 
601 
602 
603 
604 
605 
606 
607 
608 
609 
610 
611 
612 
613 
614 
615 
616 
617 
618 
619 
620 
621 
622 
623 
624 
625 
626 
627 
628 
629 
630 
631 
632 
633 
634 
635 
636 
637 
638 
639 
640 
641 
642 
643 
644 
645 
646 
647 
648 
649 
650 
651 
652 
653 
654 
655 
656 
657 
658 
659 
660 
661 
662 
663 
664 
665 
666 
667 
668 
669 
670 
671 
672 
673 
674 
675 
676 
677 
678 
679 
680 
681 
682 
683 
684 
685 
686 
687 
688 
689 
690 
691 
692 
693 
694 
695 
696 
697 
698 
699 
700 
701 
702 
703 
704 
705 
706 
707 
708 
709 
710 
711 
712 
713 
714 
715 
716 
717 
718 
719 
720 
721 
722 
723 
724 
725 
726 
727 
728 
729 
730 
731 
732 
733 
734 
735 
736 
737 
738 
739 
740 
741 
742 
743 
744 
745 
746 
747 
748 
749 
750 
751 
752 
753 
754 
755 
756 
757 
758 
759 
760 
761 
762 
763 
764 
765 
766 
767 
768 
769 
770 
771 
772 
773 
774 
775 
776 
777 
778 
779 
780 
781 
782 
783 
784 
785 
786 
787 
788 
789 
790 
791 
792 
793 
794 
795 
796 
797 
798 
799 
800 
801 
802 
803 
804 
805 
806 
807 
808 
809 
810 
811 
812 
813 
814 
815 
816 
817 
818 
819 
820 
821 
822 
823 
824 
825 
826 
827 
828 
829 
830 
831 
832 
833 
834 
835 
836 
837 
838 
839 
840 
841 
842 
843 
844 
845 
846 
847 
848 
849 
850 
851 
852 
853 
854 
855 
856 
857 
858 
859 
860 
861 
862 
863 
864 
865 
866 
867 
868 
869 
870 
871 
872 
873 
874 
875 
876 
877 
878 
879 
880 
881 
882 
883 
884 
885 
886 
887 
888 
889 
890 
891 
892 
893 
894 
895 
896 
897 
898 
899 
900 
901 
902 
903 
904 
905 
906 
907 
908 
909 
910 
911 
912 
913 
914 
915 
916 
917 
918 
919 
920 
921 
922 
923 
924 
925 
926 
927 
928 
929 
930 
931 
932 
933 
934 
935 1471,809,1517,921,0 
936 
937 
938 1458,810,1504,912,0 
939 1458,810,1504,912,0 
940 1458,808,1504,912,0 
941 1457,808,1503,913,0 
942 
943 1471,813,1511,917,0 
944 1457,807,1503,909,0 
945 1457,807,1503,909,0 
946 1457,807,1503,909,0 
947 1460,808,1500,907,0 
948 
949 1461,804,1500,907,0 
950 
951 
952 
953 
954 
955 
956 
957 
958 
959 1525,980,1566,1077,0 1453,792,1496,903,0 
960 1525,976,1565,1079,0 
961 1523,976,1565,1077,0 
962 
963 
964 
965 
966 
967 
968 
969 
970 1504,964,1546,1080,0 
971 
972 1506,962,1543,1080,0 
973 1500,952,1544,1080,0 
974 1498,962,1543,1080,0 
975 1498,962,1543,1080,0 
976 1498,962,1543,1080,0 
977 1496,948,1540,1080,0 
978 1493,949,1539,1080,0 
979 1492,951,1538,1080,0 
980 
981 
982 1474,943,1535,1080,0 
983 1476,941,1533,1080,0 
984 1481,940,1529,1080,0 
985 1481,939,1525,1080,0 
986 1479,942,1524,1080,0 
987 1479,942,1524,1080,0 
988 1478,941,1520,1080,0 
989 
990 
991 
992 
993 
994 
995 
996 
997 
998 
999 
1000 
1001 
1002 
1003 
1004 
1005 
1006 
1007 
1008 
1009 
1010 
1011 1454,917,1497,1063,0 
1012 1453,919,1496,1061,0 
1013 1453,918,1493,1058,0 
1014 1454,919,1495,1062,0 
1015 1451,917,1495,1063,0 
1016 1451,917,1495,1063,0 
1017 1451,917,1494,1062,0 
1018 1448,914,1493,1065,0 
1019 1448,915,1494,1065,0 
1020 1446,916,1494,1066,0 
1021 1446,915,1493,1066,0 
1022 1446,915,1493,1066,0 
1023 1445,915,1493,1066,0 
1024 1445,914,1493,1068,0 
1025 1445,912,1493,1071,0 
1026 1445,912,1493,1072,0 
1027 1427,917,1494,1068,0 
1028 1426,916,1494,1068,0 
1029 1446,912,1495,1074,0 
1030 1425,919,1496,1070,0 
1031 1428,919,1497,1069,0 
1032 1428,919,1497,1070,0 
1033 1427,922,1496,1071,0 
1034 1426,921,1496,1072,0 
1035 1426,921,1496,1072,0 
1036 1425,927,1499,1074,0 
1037 1428,934,1501,1073,0 
1038 1446,933,1503,1078,0 
1039 1444,940,1505,1079,0 
1040 1444,940,1505,1079,0 
1041 1450,938,1504,1080,0 
1042 1451,938,1504,1080,0 
1043 
1044 1459,938,1508,1080,0 
1045 1459,938,1509,1080,0 
1046 1459,938,1509,1080,0 
1047 
1048 1468,943,1516,1080,0 
1049 1466,944,1520,1080,0 
1050 1465,949,1524,1080,0 
1051 1468,948,1526,1080,0 
1052 
1053 
1054 
1055 
1056 
1057 
1058 
1059 
1060 
1061 
1062 
1063 
1064 
1065 
1066 
1067 
1068 1513,976,1570,1076,0 
1069 1513,980,1573,1075,0 
1070 
1071 
1072 
1073 
1074 
1075 1536,985,1592,1078,0 
1076 1540,989,1593,1076,0 
1077 1540,989,1593,1076,0 
1078 
1079 
1080 
1081 
1082 
1083 
1084 
1085 
1086 
1087 
1088 
1089 
1090 
1091 
1092 
1093 
1094 
1095 
1096 
1097 
1098 
1099 
1100 
1101 
1102 
1103 
1104 
1105 
1106 
1107 
1108 
1109 
1110 
1111 
1112 
1113 
1114 
1115 
1116 
1117 
1118 
1119 
1120 
1121 
1122 
1123 
1124 
1125 
1126 
1127 
1128 
1129 
1130 
1131 
1132 
1133 
1134 
1135 
1136 
1137 
1138 
1139 
1140 
1141 
1142 
1143 
1144 
1145 
1146 
1147 
1148 
1149 
1150 
1151 
1152 
1153 
1154 
1155 
1156 
1157 
1158 
1159 
1160 
1161 
1162 
1163 
1164 
1165 
1166 
1167 
1168 
1169 
1170 
1171 
1172 
1173 
1174 
1175 
1176 
1177 
1178 
1179 
1180 
1181 
1182 
1183 
1184 
1185 
1186 
1187 
1188 
1189 
1190 
1191 
1192 
1193 
1194 
1195 
1196 
1197 
1198 
1199 
1200 
1201 
1202 
1203 
1204 
1205 
1206 
1207 
1208 
1209 
1210 
1211 
1212 
1213 
1214 
1215 
1216 
1217 
1218 
1219 
1220 
1221 
1222 
1223 
1224 
1225 
1226 
1227 
1228 
1229 
1230 
1231 
1232 
1233 
1234 
1235 
1236 
1237 
1238 
1239 
1240 
1241 
1242 
1243 
1244 
1245 
1246 
1247 
1248 
1249 
1250 
1251 
1252 
1253 
1254 
1255 
1256 
1257 
1258 
1259 
1260 
1261 
1262 
1263 
1264 
1265 
1266 
1267 
1268 
1269 
1270 
1271 
1272 
1273 665,316,701,389,0 
1274 665,316,701,389,0 
1275 665,316,701,389,0 
1276 
1277 
1278 
1279 
1280 
1281 
1282 
1283 
1284 
1285 
1286 
1287 
1288 
1289 
1290 1036,624,1087,772,0 
1291 1034,624,1088,772,0 
1292 1034,625,1089,770,0 
1293 
1294 
1295 1035,622,1088,769,0 
1296 
1297 
1298 
1299 
1300 
1301 
1302 
1303 
1304 
1305 
1306 
1307 
1308 
1309 
1310 
1311 
1312 
1313 
1314 
1315 
1316 
1317 
1318 
1319 
1320 
1321 
1322 
1323 
1324 
1325 
1326 
1327 
1328 
1329 
1330 
1331 
1332 
1333 
1334 
1335 
1336 
1337 
1338 
1339 
1340 
1341 
1342 
1343 
1344 
1345 
1346 
1347 
1348 
1349 
1350 
1351 
1352 
1353 
1354 
1355 
1356 
1357 
1358 
1359 
1360 
1361 
1362 
1363 
1364 
1365 
1366 
1367 
1368 
1369 
1370 
1371 
1372 
1373 
1374 
1375 
1376 
1377 
1378 
1379 
1380 
1381 
1382 
1383 
1384 
1385 
1386 
1387 
1388 
1389 
1390 
1391 
1392 
1393 
1394 
1395 
1396 
1397 
1398 
1399 
1400 
1401 
1402 
1403 
1404 
1405 
1406 
1407 
1408 
1409 
1410 
1411 
1412 
1413 
1414 
1415 
1416 
1417 
1418 
1419 
1420 
1421 
1422 
1423 
1424 
1425 
1426 
1427 
1428 
1429 
1430 
1431 
1432 
1433 
1434 
1435 
1436 
1437 
1438 
1439 
1440 
1441 
1442 
1443 
1444 
1445 
1446 
1447 
1448 
1449 
1450 
1451 
1452 
1453 
1454 
1455 
1456 
1457 
1458 
1459 657,316,693,397,0 
1460 657,316,693,397,0 
1461 654,332,681,389,0 
1462 654,335,681,389,0 
1463 653,332,681,393,0 
1464 650,332,680,392,0 
1465 
1466 
1467 643,323,686,398,0 
1468 
1469 
1470 644,337,671,393,0 
1471 643,337,668,393,0 
1472 643,337,668,393,0 
1473 642,338,668,392,0 
1474 
1475 
1476 
1477 
1478 
1479 
1480 
1481 
1482 
1483 
1484 
1485 
1486 
1487 
1488 
1489 
1490 1034,622,1088,770,0 
1491 
1492 
1493 
1494 
1495 
1496 
1497 1034,623,1089,771,0 
1498 599,338,636,414,0 
1499 596,337,634,416,0 
1500 596,338,633,414,0 
1501 
1502 596,338,633,413,0 
1503 596,338,634,413,0 
1504 592,328,632,407,0 
1505 591,326,631,405,0 
1506 
1507 
1508 
1509 
1510 
1511 583,325,624,408,0 
1512 585,326,622,407,0 
1513 575,322,614,412,0 
1514 573,322,616,409,0 
1515 573,322,616,410,0 
1516 570,321,616,409,0 
1517 571,319,616,412,0 
1518 569,317,618,413,0 
1519 569,319,617,412,0 
1520 566,320,615,411,0 
1521 566,320,615,411,0 
1522 
1523 567,325,606,410,0 
1524 566,327,602,409,0 
1525 564,329,602,407,0 
1526 
1527 
1528 
1529 
1530 
1531 
1532 
1533 
1534 
1535 
1536 
1537 
1538 
1539 
1540 
1541 560,327,586,396,0 
1542 558,325,586,396,0 
1543 556,324,587,398,0 
1544 555,326,587,398,0 
1545 555,326,587,398,0 
1546 555,326,587,398,0 
1547 554,326,586,397,0 
1548 554,325,585,396,0 
1549 554,323,584,398,0 
1550 554,321,585,399,0 
1551 554,320,585,399,0 
1552 553,320,584,399,0 
1553 554,319,583,398,0 
1554 554,317,581,399,0 
1555 
1556 
1557 
1558 
1559 
1560 
1561 
1562 
1563 
1564 
1565 
1566 
1567 
1568 
1569 
1570 
1571 
1572 
1573 
1574 
1575 
1576 
1577 
1578 
1579 
1580 
1581 
1582 
1583 
1584 
1585 
1586 
1587 
1588 
1589 
1590 
1591 
1592 
1593 
1594 
1595 
1596 
1597 
1598 
1599 
1600 
1601 
1602 
1603 
1604 
1605 
1606 
1607 
1608 
1609 
1610 
1611 
1612 
1613 
1614 
1615 
1616 
1617 
1618 
1619 
1620 
1621 
1622 
1623 
1624 
1625 
1626 
1627 
1628 
1629 
1630 
1631 
1632 560,321,582,389,0 
1633 560,319,582,391,0 
1634 560,319,582,391,0 
1635 560,319,582,391,0 
1636 561,321,582,391,0 
1637 561,321,582,393,0 
1638 561,323,583,393,0 
1639 559,313,583,398,0 
1640 561,324,583,394,0 
1641 559,312,583,398,0 
1642 559,314,583,399,0 
1643 559,314,583,398,0 
1644 
1645 561,327,583,398,0 
1646 561,327,583,398,0 
1647 
1648 
1649 
1650 
1651 
1652 559,317,584,402,0 
1653 559,317,584,402,0 
1654 559,319,585,401,0 
1655 559,323,586,400,0 
1656 560,321,586,403,0 
1657 558,322,588,404,0 
1658 559,329,599,404,0 
1659 559,329,599,404,0 
1660 561,328,599,404,0 
1661 561,327,601,405,0 
1662 560,325,605,406,0 
1663 561,325,605,407,0 
1664 562,325,606,408,0 
1665 562,325,605,408,0 
1666 562,323,607,409,0 
1667 564,323,607,407,0 
1668 568,324,606,407,0 
1669 570,322,606,407,0 
1670 574,323,606,407,0 
1671 574,323,606,407,0 
1672 
1673 
1674 
1675 
1676 585,327,623,404,0 
1677 585,327,623,404,0 
1678 583,325,627,407,0 
1679 585,325,627,408,0 
1680 586,325,628,407,0 
1681 586,324,628,407,0 
1682 587,326,629,407,0 
1683 587,326,629,407,0 
1684 
1685 
1686 
1687 
1688 
1689 
1690 
1691 
1692 
1693 
1694 
1695 
1696 
1697 
1698 
1699 
1700 
1701 
1702 
1703 
1704 
1705 
1706 
1707 
1708 
1709 
1710 
1711 
1712 
1713 
1714 643,336,668,395,0 
1715 
1716 
1717 
1718 
1719 
1720 
1721 
1722 
1723 
1724 
1725 
1726 
1727 
1728 
1729 
1730 
1731 
1732 
1733 
1734 
1735 
1736 
1737 
1738 
1739 656,316,695,391,0 
1740 656,316,695,390,0 
1741 658,316,694,389,0 
1742 658,316,694,390,0 
1743 658,316,694,390,0 
1744 1035,620,1088,773,0 659,315,694,390,0 
1745 661,314,695,390,0 
1746 662,315,695,391,0 
1747 663,314,695,391,0 
1748 663,315,695,389,0 
1749 663,315,695,389,0 
1750 663,317,697,389,0 
1751 664,315,697,390,0 
1752 664,315,697,390,0 
1753 
1754 
1755 
1756 
1757 
1758 
1759 
1760 
1761 
1762 
1763 
1764 
1765 
1766 
1767 
1768 
1769 
1770 
1771 
1772 
1773 
1774 
1775 
1776 
1777 
1778 
1779 
1780 
1781 
1782 
1783 
1784 
1785 
1786 
1787 
1788 
1789 
1790 
1791 
1792 
1793 
1794 
1795 
1796 
1797 
1798 
1799 
1800 
1801 
1802 
1803 
1804 
1805 
1806 
1807 
1808 
1809 
1810 
1811 
1812 
1813 
1814 
1815 
1816 
1817 
1818 
1819 
1820 
1821 
1822 
1823 
1824 
1825 
1826 
1827 
1828 
1829 
1830 
1831 
1832 
1833 
1834 
1835 
1836 
1837 
1838 
1839 
1840 
1841 
1842 
1843 
1844 
1845 
1846 
1847 
1848 
1849 
1850 
1851 
1852 
1853 
1854 
1855 
1856 
1857 
1858 
1859 
1860 
1861 
1862 
1863 
1864 
1865 
1866 
1867 
1868 
1869 
1870 
1871 
1872 
1873 
1874 
1875 
1876 
1877 
1878 
1879 
1880 
1881 
1882 
1883 
1884 
1885 
1886 
1887 
1888 
1889 
1890 
1891 
1892 
1893 
1894 
1895 
1896 
1897 
1898 
1899 
1900 
1901 
1902 
1903 
1904 
1905 
1906 
1907 
1908 
1909 
1910 
1911 
1912 
1913 
1914 
1915 
1916 
1917 
1918 
1919 
1920 
1921 
1922 
1923 
1924 
1925 
1926 
1927 
1928 
1929 
1930 
1931 
1932 
1933 
1934 
1935 
1936 
1937 
1938 
1939 
1940 
1941 
1942 
1943 
1944 
1945 
1946 
1947 
1948 
1949 
1950 
1951 
1952 
1953 
1954 
1955 
1956 
1957 
1958 
1959 
1960 
1961 
1962 
1963 
1964 
1965 
1966 
1967 
1968 
1969 
1970 
1971 
1972 
1973 
1974 
1975 
1976 
1977 
1978 
1979 
1980 
1981 
1982 
1983 
1984 
1985 
1986 
1987 
1988 
1989 
1990 
1991 
1992 
1993 
1994 
1995 
1996 
1997 
1998 
1999 
2000 
2001 
2002 
2003 
2004 
2005 
2006 
2007 
2008 
2009 
2010 
2011 
2012 
2013 
2014 
2015 
2016 
2017 
2018 
2019 
2020 
2021 
2022 
2023 
2024 
2025 
2026 
2027 
2028 
2029 
2030 
2031 
2032 
2033 
2034 
2035 
2036 
2037 
2038 
2039 
2040 
2041 
2042 
2043 
2044 
2045 
2046 
2047 
2048 
2049 
2050 
2051 
2052 
2053 
2054 
2055 
2056 
2057 
2058 
2059 
2060 
2061 
2062 
2063 
2064 
2065 
2066 
2067 
2068 
2069 
2070 
2071 
2072 
2073 
2074 
2075 
2076 
2077 
2078 
2079 
2080 
2081 
2082 
2083 
2084 
2085 
2086 
2087 
2088 
2089 
2090 
2091 
2092 
2093 
2094 
2095 
2096 
2097 
2098 
2099 
2100 
2101 
2102 
2103 
2104 
2105 
2106 
2107 
2108 
2109 
2110 
2111 
2112 
2113 
2114 
2115 
2116 
2117 
2118 
2119 
2120 
2121 
2122 
2123 
2124 
2125 
2126 
2127 
2128 
2129 
2130 
2131 
2132 
2133 
2134 
2135 
2136 
2137 
2138 
2139 
2140 
2141 
2142 
2143 
2144 
2145 
2146 
2147 
2148 
2149 
2150 
2151 
2152 
2153 
2154 
2155 
2156 
2157 
2158 
2159 
2160 
2161 
2162 
2163 
2164 
2165 
2166 
2167 
2168 
2169 
2170 
2171 
2172 
2173 
2174 
2175 
2176 
2177 
2178 
2179 
2180 
2181 
2182 
2183 
2184 
2185 
2186 
2187 
2188 
2189 
2190 
2191 
2192 
2193 
2194 
2195 
2196 
2197 
2198 
2199 
2200 
2201 
2202 
2203 
2204 
2205 
2206 
2207 
2208 
2209 
2210 
2211 
2212 
2213 
2214 
2215 
2216 
2217 
2218 
2219 
2220 
2221 
2222 
2223 
2224 
2225 
2226 
2227 
2228 
2229 
2230 
2231 
2232 
2233 
2234 
2235 
2236 
2237 
2238 
2239 
2240 
2241 
2242 
2243 
2244 
2245 
2246 
2247 
2248 
2249 
2250 
2251 
2252 
2253 
2254 
2255 
2256 
2257 
2258 
2259 
2260 
2261 
2262 
2263 
2264 
2265 
2266 
2267 
2268 
2269 
2270 1133,695,1175,780,0 
2271 1133,695,1175,780,0 
2272 1133,690,1177,782,0 
2273 1135,688,1178,784,0 
2274 
2275 
2276 
2277 
2278 
2279 
2280 
2281 
2282 
2283 
2284 
2285 1142,685,1183,784,0 
2286 1142,686,1184,783,0 
2287 1142,679,1184,777,0 
2288 1141,680,1184,776,0 
2289 1141,680,1184,776,0 
2290 1140,679,1183,777,0 
2291 1140,679,1182,777,0 
2292 1139,677,1181,777,0 
2293 1139,677,1181,777,0 
2294 1139,675,1180,778,0 
2295 1139,675,1180,778,0 
2296 1139,675,1180,778,0 
2297 1138,673,1180,779,0 
2298 1137,666,1181,784,0 
2299 1137,665,1181,785,0 
2300 1137,664,1180,784,0 
2301 1137,665,1180,783,0 
2302 1137,666,1179,780,0 
2303 
2304 
2305 
2306 
2307 
2308 
2309 
2310 
2311 
2312 
2313 
2314 
2315 
2316 
2317 
2318 
2319 
2320 
2321 
2322 
2323 
2324 
2325 
2326 
2327 
2328 
2329 
2330 
2331 
2332 
2333 
2334 
2335 
2336 
2337 
2338 365,155,392,212,0 
2339 367,154,391,213,0 
2340 
2341 
2342 
2343 
2344 
2345 365,153,391,214,0 
2346 
2347 
2348 
2349 
2350 
2351 
2352 
2353 
2354 
2355 
2356 
2357 
2358 
2359 
2360 
2361 
2362 
2363 
2364 
2365 
2366 
2367 
2368 
2369 
2370 
2371 
2372 
2373 
2374 360,157,384,216,0 
2375 360,158,385,217,0 454,39,473,89,0 
2376 
2377 
2378 
2379 
2380 
2381 
2382 
2383 
2384 
2385 461,46,482,89,0 
2386 462,44,482,90,0 357,160,381,218,0 
2387 357,161,382,218,0 463,42,482,90,0 
2388 357,162,383,216,0 464,45,483,91,0 
2389 465,44,483,90,0 356,160,383,220,0 
2390 465,43,483,90,0 356,160,383,220,0 
2391 465,41,485,90,0 
2392 465,41,486,93,0 
2393 465,42,487,92,0 
2394 465,43,487,92,0 
2395 
2396 
2397 
2398 
2399 
2400 
2401 
2402 
2403 
2404 479,50,497,91,0 
2405 
2406 480,48,498,93,0 
2407 482,49,499,95,0 
2408 483,50,500,92,0 
2409 483,50,500,92,0 
2410 
2411 485,52,502,92,0 
2412 483,48,502,95,0 
2413 483,49,502,95,0 
2414 485,48,505,95,0 
2415 485,49,505,95,0 
2416 
2417 
2418 491,54,509,97,0 
2419 
2420 
2421 
2422 
2423 
2424 1034,623,1090,771,0 
2425 
2426 
2427 
2428 
2429 500,52,520,102,0 
2430 
2431 
2432 
2433 
2434 
2435 
2436 
2437 
2438 
2439 
2440 
2441 
2442 
2443 
2444 
2445 
2446 
2447 
2448 
2449 
2450 
2451 
2452 
2453 523,49,545,104,0 
2454 525,49,545,102,0 
2455 526,45,546,105,0 
2456 526,47,548,106,0 
2457 526,47,548,106,0 
2458 528,44,550,106,0 
2459 529,46,551,106,0 
2460 526,27,553,117,0 
2461 
2462 
2463 
2464 
2465 
2466 
2467 
2468 
2469 
2470 
2471 
2472 
2473 1481,829,1527,930,0 
2474 546,62,568,115,0 1480,833,1525,929,0 
2475 546,62,568,115,0 1480,833,1525,929,0 
2476 1478,809,1525,930,0 
2477 551,65,569,113,0 
2478 
2479 
2480 
2481 
2482 
2483 
2484 
2485 
2486 1031,626,1090,775,0 
2487 
2488 
2489 
2490 
2491 
2492 
2493 
2494 
2495 
2496 
2497 571,67,592,118,0 
2498 571,67,592,118,0 
2499 574,69,593,116,0 
2500 577,69,594,116,0 
2501 
2502 582,68,596,115,0 
2503 582,68,596,115,0 
2504 582,68,596,115,0 
2505 584,65,598,116,0 
2506 585,66,600,114,0 
2507 361,167,391,219,0 586,69,602,115,0 
2508 586,70,604,117,0 
2509 363,167,393,219,0 586,70,606,118,0 
2510 586,70,606,118,0 
2511 587,67,608,118,0 
2512 
2513 595,68,616,114,0 
2514 597,67,616,114,0 
2515 598,68,616,119,0 
2516 598,68,616,119,0 
2517 601,67,620,117,0 369,163,393,214,0 
2518 603,69,620,119,0 368,165,393,218,0 
2519 604,66,622,121,0 369,165,392,218,0 
2520 605,69,623,122,0 368,164,392,216,0 
2521 367,164,393,220,0 
2522 367,164,393,220,0 
2523 604,65,628,124,0 368,163,393,222,0 
2524 605,66,630,125,0 368,162,393,218,0 
2525 607,69,629,124,0 368,161,393,217,0 
2526 609,67,631,123,0 368,161,394,215,0 
2527 366,162,396,217,0 609,68,631,123,0 
2528 366,162,396,217,0 609,68,631,123,0 
2529 610,67,633,124,0 
2530 
2531 617,64,637,124,0 
2532 374,158,401,216,0 617,64,639,125,0 
2533 374,158,401,216,0 617,64,639,124,0 
2534 374,158,401,216,0 617,64,639,124,0 
2535 
2536 1032,624,1091,772,0 620,61,640,127,0 376,159,402,213,0 
2537 622,64,641,125,0 375,157,403,212,0 
2538 375,158,404,211,0 623,64,643,126,0 
2539 624,66,643,124,0 
2540 624,66,643,124,0 
2541 624,66,646,124,0 
2542 
2543 
2544 1033,623,1091,775,0 628,71,652,124,0 
2545 630,71,652,124,0 
2546 630,71,652,124,0 
2547 631,72,652,124,0 
2548 631,71,653,124,0 
2549 649,328,673,387,0 381,123,425,201,0 
2550 382,126,424,204,0 648,328,671,387,0 
2551 
2552 
2553 
2554 
2555 
2556 647,75,667,126,0 
2557 647,72,669,128,0 
2558 636,19,672,131,0 
2559 636,19,672,131,0 
2560 637,21,672,131,0 
2561 383,126,424,200,0 638,21,672,130,0 
2562 637,19,673,131,0 
2563 637,19,673,131,0 
2564 
2565 
2566 
2567 
2568 
2569 
2570 668,72,686,129,0 
2571 668,72,686,129,0 
2572 669,73,688,131,0 
2573 671,75,691,131,0 
2574 671,76,692,131,0 
2575 671,76,693,132,0 
2576 674,77,694,128,0 
2577 674,77,694,128,0 
2578 
2579 
2580 
2581 
2582 
2583 
2584 
2585 
2586 
2587 
2588 690,74,714,130,0 
2589 690,74,714,130,0 
2590 691,76,716,128,0 
2591 692,75,716,128,0 
2592 
2593 
2594 699,77,722,126,0 
2595 699,77,722,126,0 
2596 702,76,724,126,0 
2597 
2598 
2599 
2600 
2601 
2602 
2603 
2604 718,79,736,120,0 
2605 
2606 722,81,738,118,0 
2607 722,81,738,118,0 
2608 723,82,739,118,0 
2609 
2610 727,81,742,118,0 
2611 727,81,743,117,0 
2612 
2613 
2614 
2615 
2616 
2617 
2618 
2619 
2620 
2621 
2622 
2623 
2624 1033,625,1089,770,0 
2625 1033,625,1089,770,0 
2626 
2627 
2628 
2629 
2630 
2631 
2632 
2633 
2634 
2635 
2636 
2637 
2638 
2639 
2640 
2641 
2642 
2643 
2644 
2645 
2646 
2647 
2648 
2649 
2650 
2651 
2652 
2653 
2654 
2655 
2656 
2657 
2658 
2659 
2660 
2661 
2662 
2663 
2664 
2665 
2666 
2667 
2668 
2669 
2670 
2671 
2672 
2673 
2674 
2675 
2676 
2677 
2678 624,349,648,409,0 
2679 
2680 
2681 
2682 622,350,646,409,0 
2683 
2684 615,337,652,417,0 
2685 614,338,651,418,0 
2686 613,337,651,418,0 
2687 620,352,646,412,0 
2688 614,339,650,418,0 
2689 613,339,650,419,0 
2690 613,340,650,419,0 
2691 613,337,650,418,0 
2692 613,337,650,419,0 
2693 615,334,650,421,0 
2694 615,335,651,420,0 
2695 616,336,653,420,0 
2696 616,336,653,420,0 
2697 386,142,416,200,0 
2698 1474,830,1516,935,0 
2699 629,351,656,415,0 
2700 387,145,413,195,0 627,354,658,414,0 
2701 
2702 
2703 
2704 
2705 
2706 1477,829,1520,931,0 
2707 1477,831,1521,930,0 
2708 641,354,667,406,0 1478,832,1520,932,0 
2709 640,354,667,406,0 1478,831,1520,932,0 
2710 641,356,666,406,0 1478,828,1522,934,0 
2711 1478,836,1520,934,0 642,354,668,406,0 
2712 643,357,668,407,0 
2713 643,357,668,407,0 
2714 645,359,668,406,0 
2715 645,359,668,406,0 
2716 386,158,414,211,0 645,359,668,406,0 
2717 645,359,668,406,0 
2718 645,360,669,406,0 
2719 385,146,413,199,0 645,361,669,406,0 
2720 645,361,669,405,0 
2721 645,361,669,405,0 
2722 383,144,414,223,0 644,361,669,405,0 
2723 644,361,669,405,0 
2724 644,361,669,406,0 
2725 643,361,669,406,0 
2726 643,361,669,406,0 
2727 643,361,669,406,0 
2728 643,361,668,406,0 
2729 644,361,667,405,0 
2730 643,360,668,403,0 
2731 643,360,670,402,0 
2732 642,358,670,401,0 
2733 642,358,670,401,0 
2734 
2735 
2736 
2737 
2738 
2739 
2740 385,159,415,212,0 
2741 
2742 
2743 
2744 
2745 
2746 
2747 
2748 
2749 
2750 
2751 
2752 
2753 
2754 
2755 
2756 
2757 
2758 
2759 
2760 
2761 
2762 
2763 
2764 
2765 
2766 
2767 
2768 
2769 
2770 
2771 
2772 
2773 
2774 
2775 
2776 
2777 
2778 
2779 
2780 
2781 
2782 
2783 
2784 
2785 
2786 
2787 
2788 
2789 
2790 
2791 
2792 
2793 
2794 
2795 372,152,415,223,0 
2796 
2797 
2798 
2799 
2800 
2801 
2802 
2803 
2804 
2805 
2806 
2807 
2808 
2809 
2810 
2811 
2812 
2813 
2814 
2815 
2816 
2817 
2818 
2819 
2820 
2821 
2822 
2823 
2824 
2825 
2826 
2827 
2828 
2829 
2830 
2831 
2832 
2833 
2834 
2835 
2836 
2837 
2838 
2839 
2840 
2841 
2842 
2843 
2844 
2845 
2846 
2847 
2848 
2849 
2850 
2851 
2852 
2853 
2854 
2855 
2856 
2857 
2858 
2859 
2860 
2861 
2862 
2863 
2864 
2865 
2866 
2867 
2868 
2869 
2870 
2871 
2872 
2873 
2874 
2875 
2876 
2877 
2878 
2879 
2880 
2881 
2882 
2883 
2884 
2885 
2886 
2887 
2888 
2889 
2890 
2891 
2892 
2893 
2894 
2895 
2896 
2897 
2898 
2899 
2900 
2901 
2902 
2903 
2904 
2905 
2906 
2907 
2908 
2909 
2910 
2911 
2912 
2913 
2914 
2915 649,375,679,403,0 
2916 647,374,678,402,0 
2917 647,374,678,403,0 
2918 645,373,679,403,0 
2919 645,373,679,403,0 
2920 645,373,678,403,0 
2921 645,373,674,403,0 
2922 645,373,674,404,0 
2923 
2924 
2925 
2926 
2927 
2928 
2929 643,372,673,404,0 
2930 643,372,673,403,0 
2931 643,372,673,403,0 
2932 642,371,672,402,0 
2933 641,370,674,403,0 
2934 641,369,674,403,0 
2935 640,369,674,403,0 
2936 640,369,674,402,0 
2937 640,369,674,402,0 
2938 640,369,672,402,0 
2939 639,368,671,404,0 
2940 639,367,672,405,0 
2941 638,366,671,406,0 
2942 638,366,671,406,0 
2943 638,368,672,406,0 
2944 639,367,671,406,0 
2945 639,368,670,405,0 
2946 640,367,670,405,0 
2947 640,366,670,405,0 
2948 640,366,670,405,0 
2949 640,365,670,405,0 
2950 639,363,671,406,0 
2951 639,362,670,406,0 
2952 638,362,670,405,0 
2953 639,360,669,405,0 
2954 639,360,669,405,0 
2955 639,360,669,405,0 
2956 638,360,670,405,0 
2957 638,360,670,406,0 
2958 638,360,670,406,0 
2959 637,359,670,405,0 
2960 637,359,670,405,0 
2961 638,359,670,405,0 
2962 639,360,670,403,0 
2963 640,360,670,403,0 
2964 
2965 
2966 
2967 
2968 
2969 645,359,671,401,0 
2970 
2971 647,359,672,401,0 
2972 646,359,673,401,0 
2973 650,357,674,401,0 
2974 649,357,676,403,0 
2975 649,357,677,404,0 
2976 650,357,678,406,0 
2977 650,356,679,405,0 
2978 650,356,679,405,0 
2979 650,354,682,405,0 
2980 649,353,680,405,0 
2981 649,353,680,405,0 
2982 649,351,680,406,0 
2983 649,351,680,406,0 
2984 650,351,680,406,0 
2985 650,350,680,406,0 
2986 651,351,680,405,0 
2987 650,351,680,404,0 
2988 649,350,679,405,0 
2989 648,351,678,405,0 
2990 648,351,678,405,0 
2991 646,350,679,405,0 
2992 646,350,679,405,0 
2993 
2994 
2995 
2996 
2997 
2998 648,348,676,405,0 
2999 648,349,676,405,0 
3000 648,348,676,406,0 
3001 648,348,676,406,0 
3002 648,348,676,406,0 
3003 648,348,676,406,0 
3004 
3005 
3006 
3007 
3008 
3009 
3010 
3011 
3012 
3013 
3014 
3015 
3016 
3017 
3018 
3019 651,349,676,404,0 
3020 651,348,677,405,0 
3021 651,348,677,406,0 
3022 652,347,678,406,0 
3023 653,347,679,406,0 
3024 653,346,679,407,0 
3025 654,346,679,407,0 
3026 654,346,679,407,0 
3027 654,346,679,407,0 
3028 654,347,680,406,0 
3029 654,346,680,407,0 
3030 655,346,680,408,0 
3031 
3032 
3033 
3034 
3035 
3036 
3037 
3038 
3039 
3040 
3041 
3042 
3043 
3044 
3045 
3046 
3047 
3048 
3049 
3050 
3051 
3052 
3053 
3054 
3055 
3056 
3057 
3058 663,353,690,404,0 
3059 663,351,691,406,0 
3060 663,351,691,406,0 
3061 664,352,691,405,0 
3062 664,351,691,405,0 
3063 664,351,691,405,0 
3064 664,351,692,404,0 
3065 
3066 666,351,693,403,0 
3067 
3068 668,353,693,401,0 
3069 668,353,693,402,0 
3070 
3071 
3072 669,355,693,400,0 
3073 669,355,693,400,0 
3074 669,355,693,400,0 
3075 
3076 
3077 
3078 
3079 
3080 
3081 
3082 
3083 
3084 
3085 
3086 
3087 
3088 
3089 
3090 
3091 
3092 
3093 
3094 
3095 
3096 
3097 
3098 
3099 
3100 
3101 
3102 
3103 
3104 
3105 
3106 
3107 
3108 
3109 
3110 
3111 
3112 
3113 
3114 
3115 
3116 
3117 
3118 
3119 
3120 
3121 
3122 
3123 
3124 
3125 
3126 
3127 
3128 
3129 
3130 
3131 
3132 
3133 
3134 
3135 
3136 
3137 
3138 
3139 1037,625,1088,768,0 
3140 1037,625,1088,768,0 
3141 1035,624,1088,769,0 
3142 
3143 
3144 
3145 
3146 
3147 
3148 
3149 
3150 
3151 
3152 
3153 
3154 
3155 
3156 
3157 
3158 
3159 
3160 
3161 
3162 
3163 
3164 
3165 
3166 
3167 
3168 
3169 
3170 
3171 
3172 
3173 
3174 
3175 
3176 
3177 
3178 
3179 
3180 
3181 
3182 
3183 
3184 
3185 
3186 
3187 
3188 
3189 
3190 
3191 
3192 
3193 
3194 
3195 
3196 
3197 
3198 
3199 
3200 
3201 
3202 
3203 
3204 
3205 653,356,676,404,0 
3206 652,355,677,406,0 
3207 652,355,678,406,0 
3208 652,356,676,404,0 
3209 652,356,676,403,0 
3210 653,355,675,404,0 
3211 652,357,675,405,0 
3212 651,357,676,405,0 
3213 651,357,676,405,0 
3214 
3215 651,355,676,405,0 
3216 651,356,675,405,0 
3217 651,358,674,405,0 
3218 651,358,672,404,0 
3219 651,359,672,404,0 
3220 651,358,672,405,0 
3221 650,359,672,404,0 
3222 650,359,671,404,0 
3223 650,359,672,404,0 
3224 650,357,671,404,0 
3225 650,357,671,404,0 
3226 649,357,670,406,0 
3227 649,354,670,406,0 
3228 
3229 
3230 
3231 
3232 
3233 
3234 
3235 
3236 645,350,673,409,0 
3237 645,350,673,409,0 
3238 
3239 
3240 647,351,674,409,0 
3241 
3242 646,350,674,409,0 
3243 646,350,674,409,0 
3244 647,351,673,409,0 
3245 
3246 
3247 
3248 
3249 
3250 
3251 
3252 
3253 
3254 
3255 
3256 
3257 
3258 
3259 
3260 459,282,481,346,0 
3261 458,282,482,346,0 
3262 
3263 
3264 
3265 
3266 
3267 
3268 
3269 
3270 
3271 643,351,669,407,0 
3272 643,351,669,407,0 
3273 642,351,669,408,0 
3274 642,350,668,409,0 
3275 643,351,669,408,0 
3276 
3277 642,349,667,407,0 
3278 642,349,667,407,0 
3279 642,350,666,406,0 
3280 643,351,667,407,0 
3281 644,353,666,407,0 
3282 645,353,667,407,0 
3283 645,353,667,407,0 
3284 645,353,667,407,0 
3285 644,353,667,406,0 
3286 644,352,666,406,0 
3287 644,352,667,405,0 
3288 643,351,667,406,0 
3289 644,352,666,406,0 
3290 644,352,666,406,0 
3291 644,352,667,406,0 
3292 644,351,668,407,0 
3293 643,351,668,406,0 
3294 474,298,494,366,0 642,350,668,406,0 
3295 475,298,494,366,0 
3296 475,298,494,366,0 
3297 475,296,495,368,0 
3298 475,297,495,369,0 
3299 
3300 
3301 
3302 
3303 
3304 
3305 
3306 
3307 
3308 
3309 
3310 
3311 
3312 
3313 
3314 
3315 
3316 
3317 
3318 
3319 
3320 
3321 
3322 
3323 
3324 
3325 
3326 
3327 
3328 
3329 
3330 
3331 
3332 
3333 
3334 
3335 
3336 
3337 
3338 
3339 
3340 
3341 630,332,659,417,0 
3342 630,333,657,416,0 498,320,521,386,0 
3343 630,333,658,416,0 498,320,521,386,0 
3344 498,319,524,386,0 
3345 498,319,524,386,0 
3346 501,322,523,386,0 
3347 629,329,655,419,0 
3348 626,328,654,420,0 
3349 617,328,653,410,0 
3350 614,329,652,409,0 
3351 614,328,652,409,0 
3352 612,328,652,410,0 
3353 506,325,528,393,0 617,328,651,420,0 
3354 506,324,530,396,0 615,328,652,420,0 
3355 614,330,652,419,0 507,323,530,397,0 
3356 508,322,531,399,0 614,330,652,418,0 
3357 508,322,531,399,0 614,330,652,418,0 
3358 509,321,533,398,0 614,331,650,418,0 
3359 613,330,649,418,0 
3360 511,322,535,395,0 613,330,650,418,0 
3361 510,320,538,397,0 610,329,649,409,0 
3362 610,330,649,409,0 510,318,539,399,0 
3363 610,330,649,409,0 510,319,539,399,0 
3364 511,318,539,400,0 611,331,648,407,0 
3365 611,331,646,407,0 515,320,545,404,0 
3366 611,331,647,407,0 514,321,546,404,0 
3367 610,331,647,407,0 515,322,546,403,0 
3368 610,331,647,407,0 515,322,546,403,0 
3369 609,331,647,405,0 514,324,548,403,0 
3370 608,332,649,407,0 515,327,548,402,0 
3371 610,334,646,416,0 515,326,549,403,0 
3372 608,335,648,417,0 516,325,550,404,0 
3373 608,335,648,417,0 516,325,550,404,0 
3374 608,335,648,417,0 516,325,550,404,0 
3375 596,335,643,419,0 521,325,553,407,0 
3376 523,323,554,407,0 596,335,643,419,0 
3377 524,324,554,407,0 596,337,643,418,0 
3378 526,323,554,409,0 594,336,642,418,0 
3379 527,322,556,411,0 593,334,642,419,0 
3380 527,322,555,411,0 593,334,642,419,0 
3381 529,327,557,407,0 594,336,638,417,0 
3382 596,334,637,419,0 
3383 594,331,633,419,0 
3384 
3385 590,330,627,405,0 529,337,563,415,0 
3386 
3387 531,337,563,417,0 590,330,625,404,0 
3388 588,330,625,403,0 
3389 542,337,570,416,0 588,329,626,404,0 
3390 543,335,570,419,0 585,328,626,403,0 
3391 545,335,571,418,0 583,327,625,404,0 
3392 545,335,571,418,0 583,327,625,405,0 
3393 546,335,573,416,0 581,327,612,424,0 
3394 547,337,577,416,0 580,325,612,411,0 
3395 578,329,610,422,0 548,335,580,417,0 
3396 577,329,609,423,0 549,334,581,419,0 
3397 576,332,607,423,0 549,335,582,421,0 
3398 576,332,607,423,0 549,335,582,421,0 
3399 574,336,604,420,0 551,336,584,422,0 
3400 569,331,601,425,0 550,333,589,422,0 
3401 550,332,593,423,0 
3402 551,331,593,423,0 
3403 550,330,594,423,0 
3404 550,330,594,423,0 
3405 561,334,599,423,0 
3406 562,332,598,422,0 
3407 564,329,597,422,0 
3408 564,328,597,422,0 
3409 565,329,598,422,0 
3410 565,329,598,422,0 
3411 565,325,598,426,0 
3412 564,318,600,421,0 
3413 565,316,601,423,0 
3414 564,316,601,422,0 
3415 564,314,601,423,0 
3416 564,314,601,423,0 
3417 563,316,602,422,0 
3418 501,322,537,409,0 563,317,604,421,0 
3419 564,317,605,421,0 
3420 565,313,605,423,0 
3421 565,313,607,423,0 
3422 565,313,607,424,0 
3423 566,314,609,421,0 
3424 567,316,607,419,0 
3425 
3426 572,325,612,429,0 
3427 575,322,612,429,0 
3428 575,322,612,429,0 
3429 573,320,617,431,0 
3430 571,317,610,417,0 584,326,624,425,0 
3431 586,327,624,426,0 
3432 586,326,625,427,0 
3433 586,326,625,427,0 
3434 586,326,625,427,0 
3435 573,314,598,371,0 591,325,626,428,0 
3436 574,314,596,370,0 592,324,626,429,0 
3437 512,321,556,411,0 577,315,597,368,0 593,325,627,427,0 
3438 512,317,558,416,0 593,327,628,425,0 578,313,599,369,0 
3439 514,317,557,417,0 578,312,599,369,0 593,328,628,424,0 
3440 514,317,557,416,0 578,312,599,368,0 593,327,629,424,0 
3441 512,316,557,417,0 579,311,601,367,0 594,327,629,426,0 
3442 511,316,556,418,0 592,327,630,426,0 
3443 511,316,556,418,0 592,328,632,426,0 
3444 1792,442,1816,500,0 591,331,632,425,0 
3445 593,331,633,426,0 
3446 593,331,633,426,0 
3447 1793,442,1817,501,0 595,334,634,425,0 
3448 600,334,634,423,0 
3449 600,332,635,423,0 
3450 601,330,635,425,0 
3451 601,330,635,424,0 
3452 601,324,635,427,0 
3453 600,324,635,427,0 
3454 
3455 
3456 
3457 598,326,636,428,0 
3458 598,327,638,428,0 
3459 598,327,638,428,0 
3460 596,325,639,429,0 
3461 598,323,639,431,0 
3462 
3463 
3464 
3465 
3466 611,331,645,422,0 
3467 
3468 612,326,646,426,0 
3469 
3470 
3471 
3472 
3473 
3474 
3475 
3476 
3477 
3478 
3479 
3480 
3481 
3482 
3483 
3484 
3485 
3486 1806,431,1849,517,0 
3487 1807,431,1849,518,0 
3488 1809,430,1849,517,0 
3489 1809,430,1849,517,0 
3490 1808,430,1849,517,0 
3491 1809,428,1847,517,0 
3492 1810,427,1846,517,0 
3493 1810,426,1846,518,0 
3494 1810,426,1845,519,0 
3495 1810,426,1845,519,0 
3496 1809,422,1845,507,0 640,352,664,408,0 
3497 639,352,666,409,0 
3498 640,353,667,409,0 
3499 1807,422,1845,503,0 639,352,668,409,0 
3500 638,352,668,410,0 
3501 639,351,668,410,0 
3502 638,351,668,410,0 
3503 638,352,668,408,0 
3504 638,350,669,409,0 
3505 639,349,670,410,0 
3506 1801,421,1834,500,0 640,352,670,409,0 
3507 1801,421,1834,500,0 640,352,670,409,0 
3508 639,352,670,410,0 1801,420,1834,497,0 
3509 642,351,670,408,0 1799,420,1833,497,0 
3510 643,352,670,405,0 1797,418,1833,498,0 
3511 645,353,670,405,0 1795,418,1833,505,0 
3512 643,352,672,406,0 1794,417,1833,504,0 
3513 643,353,672,406,0 1794,417,1833,504,0 
3514 642,351,672,408,0 1795,418,1834,503,0 
3515 642,353,673,408,0 
3516 642,355,673,406,0 
3517 645,355,673,406,0 
3518 646,354,675,405,0 
3519 646,354,675,405,0 
3520 646,355,674,405,0 
3521 648,354,675,405,0 
3522 647,353,677,405,0 1792,415,1831,490,0 
3523 1790,415,1830,496,0 
3524 1790,415,1830,496,0 
3525 1790,415,1830,496,0 
3526 
3527 
3528 
3529 
3530 
3531 
3532 648,354,680,403,0 
3533 648,355,680,404,0 
3534 648,355,681,404,0 
3535 
3536 
3537 
3538 
3539 
3540 
3541 
3542 
3543 
3544 
3545 1035,623,1087,776,0 
3546 1034,623,1087,774,0 
3547 664,360,692,400,0 
3548 665,361,693,401,0 
3549 664,360,693,401,0 
3550 665,361,693,402,0 
3551 666,361,693,401,0 
3552 668,362,693,400,0 
3553 668,361,693,400,0 
3554 
3555 
3556 669,361,694,400,0 
3557 
3558 
3559 
3560 
3561 
3562 
3563 
3564 
3565 
3566 
3567 
3568 
3569 
3570 
3571 
3572 
3573 
3574 
3575 
3576 
3577 
3578 
3579 
3580 
3581 
3582 
3583 
3584 
3585 
3586 
3587 
3588 
3589 
3590 
3591 
3592 
3593 
3594 
3595 
3596 
3597 
3598 
3599 
3600 
3601 
3602 
3603 
3604 
3605 
3606 
3607 
3608 
3609 
3610 
3611 
3612 
3613 
3614 
3615 
3616 
3617 
3618 
3619 
3620 
3621 
3622 
3623 
3624 
3625 
3626 
3627 
3628 
3629 
3630 
3631 
3632 
3633 
3634 
3635 
3636 
3637 
3638 
3639 
3640 
3641 
3642 
3643 
3644 
3645 
3646 
3647 
3648 
3649 
3650 
3651 
3652 
3653 
3654 
3655 
3656 
3657 
3658 
3659 
3660 
3661 
3662 
3663 
3664 
3665 
3666 
3667 
3668 
3669 
3670 
3671 
3672 
3673 
3674 
3675 
3676 
3677 
3678 613,84,750,139,5 
3679 
3680 590,83,738,145,5 
3681 590,83,738,145,5 
3682 
3683 602,84,723,143,5 
3684 597,86,723,142,5 
3685 
3686 592,89,720,145,5 
3687 592,89,720,145,5 
3688 563,90,711,147,5 
3689 556,90,710,147,5 
3690 
3691 
3692 
3693 543,93,687,156,5 
3694 
3695 
3696 
3697 
3698 
3699 
3700 
3701 
3702 
3703 
3704 
3705 
3706 
3707 
3708 
3709 
3710 
3711 
3712 
3713 
3714 
3715 
3716 
3717 
3718 
3719 
3720 1035,622,1086,772,0 
3721 1035,622,1086,771,0 
3722 1035,622,1086,771,0 
3723 
3724 
3725 
3726 
3727 
3728 
3729 
3730 
3731 
3732 
3733 
3734 
3735 
3736 
3737 
3738 
3739 
3740 
3741 
3742 
3743 
3744 
3745 
3746 
3747 
3748 
3749 
3750 
3751 
3752 
3753 
3754 
3755 
3756 
3757 
3758 
3759 
3760 
3761 
3762 
3763 
3764 
3765 
3766 
3767 
3768 
3769 
3770 
3771 
3772 
3773 
3774 
3775 
3776 
3777 
3778 
3779 
3780 
3781 
3782 
3783 
3784 
3785 
3786 
3787 
3788 
3789 
3790 
3791 
3792 
3793 
3794 1167,659,1200,767,0 
3795 1167,658,1200,767,0 
3796 1166,660,1198,766,0 
3797 
3798 1165,659,1195,766,0 
3799 1164,659,1193,768,0 
3800 1164,661,1193,767,0 
3801 1164,661,1193,767,0 
3802 
3803 
3804 
3805 
3806 
3807 
3808 
3809 
3810 
3811 
3812 
3813 
3814 
3815 
3816 
3817 
3818 
3819 
3820 
3821 
3822 
3823 
3824 
3825 
3826 
3827 
3828 
3829 
3830 
3831 
3832 
3833 
3834 
3835 
3836 
3837 
3838 
3839 
3840 
3841 
3842 
3843 
3844 
3845 
3846 
3847 
3848 
3849 
3850 
3851 
3852 
3853 
3854 
3855 1152,656,1184,773,0 
3856 
3857 
3858 1151,660,1184,774,0 
3859 
3860 
3861 1151,663,1183,776,0 
3862 1151,663,1183,776,0 
3863 1150,658,1184,776,0 
3864 1149,663,1184,776,0 
3865 1151,663,1183,775,0 
3866 1150,663,1183,774,0 
3867 1033,620,1087,776,0 
3868 
3869 
3870 
3871 
3872 
3873 
3874 1033,620,1088,778,0 
3875 
3876 
3877 
3878 
3879 
3880 
3881 
3882 
3883 
3884 
3885 
3886 
3887 
3888 
3889 
3890 
3891 
3892 
3893 
3894 
3895 
3896 
3897 
3898 
3899 
3900 
3901 
3902 
3903 
3904 
3905 
3906 
3907 
3908 
3909 
3910 
3911 
3912 
3913 
3914 
3915 
3916 
3917 
3918 
3919 
3920 
3921 
3922 
3923 
3924 
3925 
3926 
3927 
3928 
3929 
3930 
3931 
3932 
3933 
3934 
3935 
3936 
3937 
3938 
3939 
3940 
3941 
3942 
3943 
3944 
3945 
3946 
3947 
3948 
3949 
3950 
3951 
3952 
3953 
3954 
3955 
3956 
3957 
3958 
3959 
3960 
3961 
3962 
3963 
3964 
3965 
3966 
3967 
3968 
3969 
3970 
3971 
3972 
3973 
3974 
3975 
3976 
3977 
3978 
3979 
3980 
3981 
3982 
3983 
3984 
3985 
3986 
3987 
3988 
3989 
3990 
3991 
3992 
3993 
3994 
3995 
3996 
3997 
3998 
3999 
4000 
4001 
4002 
4003 
4004 
4005 
4006 
4007 
4008 
4009 
4010 
4011 
4012 
4013 
4014 
4015 
4016 
4017 
4018 
4019 
4020 
4021 
4022 
4023 
4024 
4025 
4026 
4027 
4028 
4029 
4030 
4031 1192,589,1233,695,0 
4032 
4033 
4034 
4035 
4036 
4037 
4038 
4039 
4040 
4041 
4042 
4043 
4044 1211,604,1252,705,0 
4045 1214,599,1252,706,0 
4046 1214,598,1252,706,0 
4047 1212,599,1253,706,0 
4048 1212,599,1253,706,0 
4049 
4050 
4051 
4052 
4053 
4054 
4055 
4056 
4057 1222,614,1264,713,0 
4058 
4059 
4060 
4061 1232,615,1275,720,0 
4062 1234,616,1275,720,0 
4063 
4064 1569,973,1628,1076,0 1237,613,1276,725,0 
4065 1565,952,1625,1078,0 1237,616,1279,724,0 
4066 1565,952,1625,1077,0 1237,617,1279,724,0 
4067 1624,940,1672,1080,0 1565,953,1619,1079,0 1239,617,1279,725,0 
4068 1563,949,1619,1080,0 1240,616,1279,726,0 
4069 1562,945,1621,1080,0 1242,623,1280,726,0 
4070 1560,949,1620,1080,0 1242,618,1283,724,0 
4071 1561,948,1619,1080,0 
4072 1561,948,1618,1080,0 
4073 1559,943,1619,1080,0 
4074 1551,948,1607,1072,0 
4075 1555,934,1634,1073,0 
4076 1550,942,1606,1079,0 
4077 1547,943,1606,1080,0 
4078 1547,943,1606,1080,0 
4079 
4080 
4081 
4082 
4083 
4084 
4085 1533,917,1603,1074,0 
4086 1529,915,1601,1072,0 
4087 1527,923,1599,1067,0 
4088 1525,917,1603,1070,0 
4089 1521,920,1602,1066,0 
4090 1521,920,1602,1066,0 
4091 1519,917,1598,1063,0 1264,639,1305,746,0 
4092 1518,918,1595,1065,0 1267,640,1307,746,0 
4093 1033,620,1087,777,0 1515,918,1595,1064,0 1267,644,1310,748,0 
4094 1033,620,1087,777,0 1515,919,1595,1065,0 1267,644,1310,748,0 
4095 1266,645,1314,751,0 1510,913,1590,1059,0 
4096 1266,645,1314,751,0 1510,913,1589,1059,0 
4097 1574,926,1623,1052,0 1511,912,1584,1057,0 1267,644,1315,754,0 
4098 1572,929,1621,1047,0 1512,916,1572,1042,0 1268,647,1314,753,0 
4099 1572,926,1618,1051,0 1505,919,1556,1039,0 1268,647,1313,755,0 
4100 1269,646,1313,756,0 1570,926,1616,1050,0 1504,917,1558,1041,0 
4101 1034,619,1086,772,0 1567,924,1615,1053,0 1270,648,1313,754,0 1501,917,1555,1039,0 
4102 1034,619,1086,772,0 1567,924,1615,1053,0 1270,648,1313,755,0 1501,917,1555,1039,0 
4103 1271,646,1313,757,0 1034,619,1086,773,0 1503,912,1557,1041,0 
4104 1500,910,1554,1041,0 
4105 1282,665,1319,761,0 1499,909,1550,1043,0 
4106 1497,914,1548,1045,0 
4107 1552,915,1599,1047,0 1494,912,1548,1043,0 
4108 1552,915,1599,1047,0 1494,912,1548,1043,0 
4109 1548,916,1598,1046,0 1492,913,1544,1042,0 
4110 1490,911,1543,1041,0 
4111 1488,892,1545,1044,0 
4112 1481,897,1535,1038,0 
4113 1480,899,1535,1032,0 
4114 1480,899,1535,1032,0 
4115 1478,903,1534,1023,0 
4116 1477,900,1532,1017,0 
4117 1475,894,1533,1015,0 
4118 1288,668,1324,769,0 1473,890,1530,1019,0 
4119 1530,903,1572,1024,0 1287,670,1324,772,0 1471,892,1527,1020,0 
4120 1530,903,1572,1024,0 1287,671,1324,773,0 1471,892,1527,1020,0 
4121 1466,892,1525,1019,0 1288,673,1325,769,0 
4122 1458,877,1532,1025,0 1288,674,1325,768,0 
4123 
4124 
4125 1290,678,1328,773,0 
4126 1290,678,1328,773,0 
4127 1292,677,1329,776,0 
4128 1293,677,1332,778,0 
4129 1450,869,1508,1011,0 1293,678,1333,780,0 
4130 1448,868,1508,1011,0 1292,685,1333,787,0 
4131 1034,624,1086,772,0 1445,869,1507,1006,0 1294,685,1332,791,0 
4132 1445,869,1507,1007,0 1295,685,1332,791,0 
4133 1305,680,1338,797,0 
4134 1292,686,1333,789,0 
4135 1034,622,1085,778,0 1293,689,1334,789,0 
4136 1034,621,1086,779,0 1293,689,1336,789,0 
4137 1293,689,1336,788,0 
4138 1293,689,1336,788,0 
4139 1293,688,1337,787,0 
4140 1034,618,1086,776,0 1302,685,1343,792,0 
4141 1300,685,1344,792,0 
4142 1292,690,1338,788,0 
4143 1035,620,1085,776,0 1299,686,1345,794,0 
4144 1035,619,1085,776,0 1299,686,1345,794,0 
4145 1292,689,1339,794,0 
4146 1300,692,1344,799,0 
4147 1291,686,1340,802,0 
4148 1291,692,1340,800,0 
4149 1291,692,1340,800,0 
4150 1301,696,1344,800,0 
4151 1296,698,1336,801,0 
4152 1419,833,1476,954,0 1302,705,1341,797,0 
4153 1419,833,1476,954,0 1302,705,1341,797,0 
4154 
4155 1295,703,1335,798,0 
4156 1295,700,1334,799,0 1034,620,1087,776,0 
4157 1296,702,1333,798,0 
4158 1292,711,1332,809,0 
4159 1292,710,1332,811,0 
4160 1292,709,1332,813,0 
4161 1292,709,1332,813,0 
4162 1035,622,1085,776,0 1294,706,1332,818,0 
4163 1035,622,1086,775,0 1296,705,1333,823,0 
4164 1295,706,1333,825,0 
4165 1294,707,1333,826,0 
4166 1396,817,1450,960,0 1295,710,1333,830,0 
4167 1396,817,1450,960,0 1294,710,1333,831,0 
4168 1396,814,1450,958,0 1293,714,1333,828,0 
4169 1294,716,1334,825,0 
4170 1292,717,1333,824,0 
4171 
4172 
4173 
4174 
4175 
4176 1290,718,1336,827,0 
4177 
4178 
4179 
4180 
4181 
4182 1381,806,1431,925,0 
4183 1381,806,1431,925,0 
4184 
4185 
4186 1376,800,1428,920,0 
4187 1372,801,1426,921,0 
4188 
4189 
4190 
4191 
4192 
4193 
4194 1360,782,1414,911,0 1288,747,1332,844,0 
4195 1289,746,1332,844,0 1360,782,1413,908,0 
4196 1289,746,1334,846,0 1360,778,1414,906,0 
4197 1291,747,1334,848,0 1359,779,1412,904,0 
4198 1291,747,1334,848,0 1359,779,1412,904,0 
4199 1384,777,1419,909,0 1290,748,1334,850,0 1358,779,1411,901,0 
4200 1385,772,1418,910,0 1292,756,1332,861,0 1360,772,1405,901,0 
4201 1288,746,1334,850,0 1360,774,1400,898,0 
4202 1358,776,1398,895,0 1288,745,1334,851,0 
4203 1288,747,1334,846,0 
4204 1288,747,1334,846,0 
4205 1290,751,1335,844,0 
4206 1290,754,1333,871,0 
4207 1353,769,1400,903,0 1289,754,1335,874,0 
4208 1353,768,1400,901,0 1288,755,1335,872,0 
4209 1288,755,1335,872,0 
4210 1288,754,1335,872,0 
4211 1352,751,1400,892,0 1287,755,1338,875,0 
4212 1351,749,1400,890,0 1287,757,1338,876,0 
4213 1351,749,1400,891,0 1287,757,1338,876,0 
4214 1288,754,1339,876,0 
4215 
4216 
4217 1353,752,1399,875,0 
4218 1302,763,1347,869,0 1352,755,1401,875,0 
4219 1300,765,1350,875,0 1353,755,1401,873,0 
4220 1301,765,1351,880,0 1354,749,1401,877,0 
4221 1301,766,1351,881,0 1353,751,1400,879,0 
4222 1301,766,1351,881,0 1353,751,1400,879,0 
4223 1352,757,1401,884,0 1302,765,1354,883,0 
4224 1353,757,1403,883,0 1305,763,1354,886,0 
4225 1355,759,1402,877,0 1305,763,1355,886,0 
4226 1355,759,1402,879,0 1305,764,1353,886,0 
4227 1355,756,1401,878,0 1306,764,1354,886,0 
4228 1355,756,1401,878,0 1306,764,1354,886,0 
4229 1356,755,1402,876,0 1304,763,1355,887,0 
4230 1356,758,1398,875,0 1307,767,1355,882,0 
4231 1356,758,1396,875,0 1309,773,1354,891,0 
4232 1309,775,1355,890,0 
4233 1309,775,1356,890,0 
4234 1309,775,1356,890,0 
4235 1310,776,1358,889,0 
4236 1308,778,1358,887,0 
4237 1356,754,1392,872,0 1311,780,1357,886,0 
4238 1356,755,1393,876,0 1314,779,1358,889,0 
4239 1355,755,1392,875,0 1312,779,1357,890,0 
4240 1355,755,1392,875,0 1313,779,1357,890,0 
4241 1314,777,1357,899,0 
4242 1313,780,1357,899,0 
4243 1314,779,1358,899,0 
4244 1315,778,1358,899,0 
4245 1314,779,1362,901,0 
4246 1314,779,1362,901,0 
4247 1317,781,1363,902,0 
4248 1317,783,1363,902,0 
4249 1315,786,1363,900,0 
4250 1318,787,1360,900,0 
4251 1315,789,1361,894,0 
4252 1314,789,1361,893,0 
4253 1327,789,1370,895,0 
4254 1313,790,1362,895,0 
4255 1327,788,1370,896,0 
4256 1326,790,1371,893,0 
4257 1325,788,1370,898,0 
4258 1325,788,1370,898,0 
4259 
4260 
4261 1328,786,1371,893,0 
4262 1329,785,1373,899,0 
4263 
4264 
4265 
4266 
4267 
4268 1332,785,1379,911,0 
4269 1335,781,1380,913,0 
4270 1335,779,1380,913,0 
4271 
4272 
4273 
4274 
4275 
4276 
4277 
4278 
4279 
4280 
4281 
4282 
4283 
4284 
4285 
4286 
4287 
4288 
4289 
4290 
4291 
4292 
4293 
4294 
4295 
4296 
4297 
4298 
4299 
4300 
4301 1363,790,1412,937,0 
4302 
4303 
4304 
4305 
4306 
4307 
4308 
4309 
4310 
4311 
4312 
4313 1385,803,1428,928,0 
4314 
4315 
4316 
4317 
4318 
4319 
4320 
4321 
4322 
4323 
4324 
4325 
4326 
4327 
4328 
4329 
4330 
4331 
4332 
4333 
4334 
4335 
4336 
4337 
4338 
4339 1285,676,1326,773,0 
4340 1283,677,1327,773,0 
4341 1283,677,1327,773,0 
4342 1278,677,1328,773,0 
4343 1277,674,1328,773,0 
4344 1276,677,1329,772,0 
4345 1276,670,1329,776,0 
4346 1273,669,1311,775,0 
4347 1271,669,1312,774,0 
4348 1271,669,1312,774,0 
4349 1271,671,1309,774,0 
4350 1271,675,1308,771,0 
4351 1035,624,1087,773,0 1270,673,1309,772,0 
4352 1271,672,1309,771,0 
4353 1271,675,1308,772,0 
4354 1271,675,1308,772,0 
4355 1271,675,1307,771,0 
4356 1272,676,1306,772,0 
4357 1270,674,1307,774,0 
4358 1271,673,1307,774,0 
4359 1271,672,1307,774,0 
4360 1271,673,1307,774,0 
4361 1271,672,1308,774,0 
4362 1270,676,1308,773,0 
4363 1270,676,1308,773,0 
4364 1271,677,1308,772,0 
4365 1271,677,1305,775,0 
4366 1271,678,1305,775,0 
4367 1271,676,1306,776,0 
4368 1269,678,1308,777,0 
4369 1268,680,1309,777,0 1458,858,1506,963,0 
4370 1457,860,1507,968,0 
4371 1270,681,1307,772,0 1469,854,1518,976,0 
4372 1270,681,1307,772,0 1469,853,1518,976,0 
4373 1270,682,1307,772,0 1471,857,1519,977,0 
4374 
4375 1472,855,1521,978,0 
4376 
4377 
4378 
4379 1274,681,1310,795,0 1476,853,1529,976,0 
4380 1274,683,1311,800,0 1479,850,1530,975,0 
4381 1274,686,1311,803,0 1478,850,1532,975,0 
4382 1479,851,1532,974,0 1274,688,1311,806,0 
4383 1480,850,1533,978,0 1276,689,1310,809,0 
4384 1480,850,1533,978,0 1276,689,1310,809,0 
4385 1479,854,1535,972,0 1276,693,1310,805,0 
4386 1479,854,1536,976,0 1282,695,1322,805,0 
4387 1283,693,1320,804,0 
4388 1284,694,1319,805,0 
4389 
4390 
4391 
4392 1502,873,1539,990,0 
4393 1288,691,1324,803,0 1501,871,1541,988,0 
4394 1288,691,1324,803,0 1501,871,1541,988,0 
4395 1314,670,1337,811,0 1504,867,1545,992,0 1290,688,1325,814,0 
4396 1314,670,1337,811,0 1504,867,1545,992,0 1290,688,1325,814,0 
4397 1313,672,1339,817,0 1504,866,1548,992,0 1289,686,1326,816,0 
4398 1289,691,1326,812,0 
4399 1508,867,1546,991,0 1290,705,1327,822,0 
4400 1291,705,1329,823,0 1508,867,1548,993,0 
4401 1509,866,1551,992,0 1292,705,1332,824,0 
4402 1509,866,1551,992,0 1292,705,1332,824,0 
4403 1294,699,1333,827,0 1510,867,1553,993,0 
4404 1295,698,1335,828,0 1509,870,1555,995,0 
4405 1304,699,1343,833,0 1510,868,1556,997,0 
4406 1304,696,1345,835,0 1518,872,1562,1002,0 
4407 1304,698,1345,833,0 1519,872,1562,1005,0 
4408 1304,698,1345,833,0 1519,872,1562,1005,0 
4409 1303,697,1346,836,0 1520,880,1564,1003,0 
4410 1303,706,1346,837,0 1519,879,1565,1003,0 
4411 1522,876,1567,1006,0 
4412 1524,878,1568,1006,0 
4413 1526,876,1568,1007,0 
4414 1526,876,1568,1007,0 
4415 1528,878,1569,1004,0 
4416 1530,880,1571,1001,0 
4417 1529,878,1570,1003,0 
4418 1529,880,1571,1003,0 
4419 1814,411,1846,501,0 1530,880,1571,1004,0 
4420 1814,411,1846,501,0 1530,880,1571,1004,0 
4421 1530,889,1570,1016,0 
4422 1815,410,1846,504,0 1531,890,1571,1018,0 
4423 1816,410,1846,504,0 1531,890,1571,1018,0 
4424 1534,885,1574,1026,0 1818,411,1847,506,0 
4425 1533,881,1576,1027,0 1818,413,1848,507,0 
4426 1533,881,1576,1027,0 1818,413,1848,507,0 
4427 1534,886,1576,1027,0 1819,412,1849,508,0 
4428 1820,413,1849,506,0 1533,892,1578,1024,0 
4429 1533,893,1579,1024,0 1819,413,1850,508,0 
4430 1540,899,1589,1024,0 1820,413,1850,508,0 
4431 1327,750,1373,870,0 1817,412,1851,507,0 1540,901,1590,1023,0 
4432 1327,751,1373,869,0 1817,412,1851,507,0 1540,901,1590,1022,0 
4433 1539,903,1594,1024,0 1329,750,1375,871,0 
4434 1329,759,1376,871,0 
4435 1330,761,1379,867,0 
4436 1331,768,1380,868,0 
4437 1334,770,1384,870,0 
4438 1334,770,1384,870,0 
4439 1336,767,1386,873,0 
4440 1555,915,1596,1037,0 1339,769,1383,872,0 
4441 1556,918,1598,1037,0 1341,764,1386,878,0 
4442 1556,919,1598,1036,0 1342,769,1386,878,0 
4443 1348,777,1395,885,0 1555,919,1601,1036,0 
4444 1348,777,1395,885,0 1555,919,1601,1037,0 
4445 1348,771,1397,891,0 1556,922,1601,1036,0 
4446 1350,761,1403,883,0 1555,924,1604,1035,0 
4447 1351,775,1399,890,0 1563,923,1614,1038,0 
4448 1561,924,1616,1041,0 
4449 1355,772,1403,905,0 1561,925,1617,1040,0 
4450 1355,772,1402,904,0 1561,925,1617,1040,0 
4451 1564,926,1616,1039,0 1357,772,1403,905,0 
4452 1359,771,1405,906,0 1566,927,1616,1040,0 
4453 1359,771,1405,907,0 1566,927,1616,1040,0 
4454 1571,926,1618,1047,0 1364,767,1410,907,0 
4455 1366,766,1409,912,0 1571,926,1620,1051,0 
4456 1366,767,1409,911,0 1571,927,1620,1051,0 
4457 1573,930,1619,1048,0 
4458 1573,933,1620,1044,0 
4459 1573,935,1618,1045,0 
4460 1377,780,1421,915,0 1573,933,1620,1049,0 
4461 1574,935,1621,1069,0 
4462 1574,935,1621,1069,0 
4463 1380,798,1419,917,0 1573,939,1621,1067,0 
4464 1574,941,1622,1065,0 1380,800,1420,918,0 
4465 
4466 
4467 
4468 
4469 1383,807,1434,921,0 1578,941,1620,1068,0 
4470 1577,939,1621,1066,0 
4471 
4472 1576,943,1624,1067,0 
4473 1576,947,1626,1068,0 
4474 1576,947,1626,1068,0 
4475 1577,945,1627,1071,0 
4476 1588,951,1634,1076,0 
4477 1588,954,1635,1073,0 
4478 1589,956,1636,1075,0 
4479 1589,957,1636,1075,0 
4480 
4481 1586,957,1642,1074,0 
4482 
4483 
4484 
4485 
4486 
4487 
4488 
4489 
4490 
4491 
4492 
4493 
4494 
4495 
4496 
4497 
4498 
4499 
4500 
4501 
4502 
4503 
4504 
4505 
4506 
4507 1814,413,1851,503,0 
4508 1814,412,1851,504,0 
4509 1814,413,1850,504,0 
4510 1814,413,1850,504,0 
4511 1815,412,1849,506,0 
4512 1814,413,1848,501,0 
4513 1814,413,1848,501,0 
4514 
4515 
4516 
4517 
4518 
4519 1463,894,1506,1035,0 
4520 1463,894,1523,1037,0 
4521 1464,892,1522,1041,0 
4522 1464,892,1522,1040,0 
4523 1468,897,1521,1033,0 
4524 1470,899,1519,1030,0 
4525 1472,895,1519,1041,0 
4526 1472,907,1518,1044,0 
4527 1473,911,1516,1049,0 
4528 1473,911,1516,1049,0 
4529 1473,914,1518,1054,0 
4530 1475,917,1520,1060,0 
4531 1475,921,1521,1056,0 
4532 1476,922,1524,1058,0 
4533 1479,922,1527,1058,0 
4534 1479,922,1527,1058,0 
4535 1481,926,1527,1054,0 
4536 1481,934,1529,1070,0 
4537 1482,937,1531,1065,0 
4538 1482,936,1532,1069,0 
4539 1481,936,1533,1078,0 
4540 1481,936,1533,1078,0 
4541 1485,936,1544,1080,0 
4542 
4543 
4544 
4545 
4546 
4547 
4548 
4549 1494,972,1549,1079,0 
4550 1497,974,1549,1076,0 
4551 1497,972,1552,1079,0 
4552 1497,972,1552,1079,0 
4553 1499,976,1551,1078,0 
4554 1503,982,1550,1077,0 
4555 1503,988,1554,1077,0 
4556 1505,986,1557,1076,0 
4557 1505,989,1558,1076,0 
4558 1505,989,1558,1076,0 
4559 1505,989,1558,1076,0 
4560 1511,990,1569,1080,0 
4561 1513,993,1572,1080,0 
4562 1513,997,1576,1078,0 
4563 1517,1000,1576,1076,0 
4564 1517,1000,1576,1076,0 
4565 1517,1004,1581,1076,0 
4566 1524,1010,1583,1080,0 
4567 1526,1011,1584,1080,0 
4568 1526,1013,1585,1080,0 
4569 1536,1012,1594,1080,0 
4570 1536,1012,1594,1080,0 
4571 1538,1012,1596,1080,0 
4572 1538,1015,1598,1080,0 
4573 1538,1015,1597,1080,0 
4574 1547,1021,1597,1080,0 
4575 
4576 
4577 
4578 
4579 
4580 
4581 
4582 
4583 
4584 
4585 
4586 
4587 
4588 
4589 
4590 
4591 
4592 1032,618,1086,784,0 
4593 1032,619,1087,783,0 
4594 
4595 
4596 
4597 
4598 
4599 
4600 
4601 
4602 
4603 
4604 
4605 
4606 
4607 
4608 
4609 
4610 
4611 
4612 
4613 
4614 
4615 
4616 
4617 
4618 
4619 
4620 
4621 
4622 
4623 
4624 
4625 
4626 
4627 
4628 
4629 
4630 
4631 
4632 
4633 
4634 
4635 
4636 
4637 
4638 
4639 
4640 
4641 
4642 
4643 
4644 
4645 
4646 
4647 
4648 
4649 
4650 
4651 
4652 
4653 
4654 
4655 
4656 
4657 
4658 
4659 
4660 
4661 
4662 
4663 
4664 
4665 
4666 
4667 
4668 
4669 
4670 
4671 
4672 
4673 
4674 
4675 
4676 
4677 
4678 
4679 
4680 
4681 
4682 
4683 
4684 
4685 
4686 
4687 
4688 
4689 
4690 
4691 
4692 
4693 
4694 
4695 
4696 
4697 
4698 
4699 
4700 
4701 
4702 
4703 
4704 
4705 
4706 
4707 
4708 
4709 
4710 
4711 
4712 
4713 
4714 
4715 
4716 
4717 
4718 
4719 
4720 
4721 
4722 
4723 
4724 
4725 
4726 
4727 
4728 
4729 
4730 
4731 
4732 
4733 
4734 
4735 
4736 
4737 
4738 
4739 
4740 
4741 
4742 
4743 
4744 
4745 
4746 
4747 
4748 
4749 
4750 
4751 
4752 
4753 
4754 
4755 
4756 
4757 
4758 
4759 
4760 
4761 
4762 
4763 
4764 
4765 
4766 1033,620,1087,775,0 
4767 1033,620,1087,775,0 
4768 
4769 
4770 
4771 
4772 
4773 
4774 
4775 
4776 
4777 
4778 
4779 
4780 
4781 
4782 1532,910,1563,1000,0 
4783 1137,689,1181,782,0 
4784 1137,689,1181,782,0 
4785 1137,689,1181,782,0 
4786 1555,932,1582,1000,0 1534,912,1563,1002,0 1138,687,1180,771,0 
4787 1555,933,1581,999,0 1139,690,1182,781,0 
4788 1532,916,1566,999,0 1140,691,1183,780,0 
4789 1532,912,1570,998,0 1139,691,1182,780,0 
4790 1140,693,1182,777,0 1529,909,1576,996,0 
4791 1138,686,1180,772,0 1529,909,1576,996,0 
4792 1529,909,1575,995,0 
4793 1138,686,1180,770,0 1530,910,1577,993,0 
4794 1528,911,1578,992,0 
4795 1139,684,1179,771,0 1529,910,1578,993,0 
4796 1141,681,1179,772,0 
4797 1034,623,1086,771,0 1144,676,1179,777,0 1529,909,1575,994,0 
4798 1034,623,1086,771,0 1144,676,1179,777,0 1529,909,1575,994,0 
4799 1146,675,1180,777,0 1530,909,1575,994,0 
4800 1149,674,1180,779,0 1530,909,1573,993,0 
4801 1149,676,1180,779,0 1530,910,1572,993,0 
4802 1148,674,1181,779,0 1530,910,1571,993,0 
4803 1145,676,1182,776,0 1528,900,1575,987,0 
4804 1145,676,1182,776,0 1528,900,1575,987,0 
4805 1143,674,1183,777,0 
4806 1146,674,1182,775,0 
4807 
4808 
4809 
4810 
4811 
4812 1147,672,1182,773,0 
4813 
4814 1148,673,1182,774,0 
4815 1147,673,1182,773,0 
4816 1147,673,1182,773,0 
4817 1033,622,1087,772,0 1150,673,1182,771,0 
4818 1032,621,1087,777,0 
4819 1149,671,1182,774,0 1033,621,1087,775,0 
4820 
4821 1032,618,1087,780,0 1149,671,1182,774,0 
4822 1032,619,1087,780,0 1149,671,1182,774,0 
4823 1149,670,1182,773,0 
4824 1149,671,1181,773,0 
4825 
4826 
4827 
4828 
4829 
4830 
4831 
4832 1146,675,1188,775,0 
4833 
4834 
4835 
4836 
4837 
4838 
4839 
4840 
4841 
4842 1164,675,1200,773,0 
4843 1165,677,1202,769,0 
4844 1165,677,1201,769,0 
4845 
4846 
4847 1164,675,1201,768,0 
4848 1165,671,1201,771,0 
4849 1165,671,1202,767,0 
4850 
4851 1167,668,1205,766,0 
4852 1167,668,1205,766,0 
4853 1168,668,1204,768,0 
4854 1168,664,1204,768,0 
4855 1167,666,1205,765,0 
4856 1032,623,1087,777,0 1165,667,1205,764,0 
4857 1165,668,1206,764,0 
4858 1165,669,1206,765,0 
4859 1031,627,1087,770,0 1529,894,1567,982,0 1166,667,1206,765,0 
4860 1033,627,1086,772,0 1165,666,1208,764,0 
4861 1163,667,1210,764,0 
4862 1165,664,1208,765,0 
4863 1167,660,1207,765,0 
4864 1167,660,1207,766,0 
4865 1167,662,1207,764,0 
4866 1168,663,1206,763,0 
4867 1169,659,1206,765,0 1528,893,1569,986,0 
4868 1168,658,1208,766,0 
4869 1168,658,1208,766,0 
4870 
4871 
4872 1172,652,1209,771,0 1527,897,1566,989,0 
4873 1173,652,1209,770,0 1527,897,1566,989,0 
4874 
4875 
4876 
4877 
4878 
4879 
4880 
4881 
4882 
4883 
4884 
4885 
4886 
4887 
4888 
4889 
4890 1033,624,1088,773,0 
4891 
4892 
4893 
4894 
4895 
4896 
4897 
4898 
4899 
4900 
4901 
4902 
4903 
4904 
4905 
4906 
4907 
4908 
4909 1033,623,1087,776,0 
4910 
4911 
4912 
4913 
4914 
4915 
4916 
4917 
4918 
4919 
4920 
4921 
4922 
4923 
4924 
4925 
4926 
4927 
4928 
4929 
4930 
4931 
4932 
4933 
4934 
4935 
4936 
4937 
4938 
4939 
4940 
4941 
4942 
4943 
4944 
4945 
4946 
4947 
4948 
4949 
4950 
4951 
4952 
4953 
4954 
4955 
4956 
4957 
4958 
4959 
4960 
4961 
4962 
4963 
4964 
4965 
4966 
4967 
4968 
4969 
4970 
4971 
4972 
4973 
4974 
4975 
4976 
4977 
4978 
4979 
4980 
4981 
4982 
4983 
4984 
4985 
4986 
4987 
4988 
4989 
4990 
4991 
4992 
4993 
4994 
4995 
4996 
4997 
4998 
4999 
5000 
5001 
5002 
5003 
5004 
5005 
5006 
5007 
5008 
5009 
5010 
5011 
5012 
5013 
5014 
5015 
5016 
5017 
5018 
5019 
5020 
5021 
5022 
5023 
5024 
5025 
5026 
5027 
5028 
5029 
5030 
5031 
5032 
5033 
5034 1184,665,1234,769,0 
5035 1185,668,1234,771,0 
5036 1184,673,1233,773,0 
5037 1184,676,1233,774,0 
5038 1184,676,1233,774,0 
5039 1184,676,1232,776,0 
5040 1183,677,1232,776,0 
5041 1182,678,1231,776,0 
5042 
5043 
5044 
5045 
5046 
5047 
5048 
5049 
5050 
5051 
5052 
5053 1181,685,1224,788,0 
5054 
5055 
5056 
5057 
5058 
5059 
5060 
5061 
5062 
5063 
5064 
5065 
5066 
5067 
5068 1166,691,1211,791,0 
5069 1165,689,1212,791,0 
5070 1164,689,1211,794,0 
5071 1035,621,1088,776,0 1164,692,1210,794,0 
5072 
5073 
5074 
5075 
5076 
5077 
5078 
5079 
5080 
5081 
5082 
5083 
5084 
5085 
5086 
5087 
5088 
5089 
5090 
5091 
5092 
5093 
5094 
5095 
5096 
5097 
5098 
5099 
5100 
5101 
5102 
5103 
5104 
5105 
5106 
5107 1592,913,1637,1024,0 
5108 1591,912,1636,1022,0 
5109 
5110 
5111 
5112 
5113 
5114 
5115 
5116 
5117 
5118 1568,903,1613,1004,0 
5119 1568,902,1610,1002,0 
5120 1561,904,1597,1000,0 
5121 
5122 
5123 
5124 
5125 1550,889,1593,996,0 
5126 1549,886,1589,1001,0 
5127 1545,885,1590,1001,0 
5128 1545,885,1590,1001,0 
5129 1542,886,1592,1001,0 
5130 1542,887,1590,997,0 
5131 
5132 
5133 
5134 
5135 
5136 
5137 
5138 
5139 
5140 
5141 
5142 
5143 
5144 
5145 
5146 
5147 
5148 
5149 
5150 
5151 
5152 
5153 
5154 
5155 
5156 
5157 
5158 
5159 
5160 
5161 
5162 
5163 
5164 
5165 
5166 
5167 
5168 
5169 
5170 
5171 
5172 
5173 
5174 
5175 
5176 
5177 
5178 
5179 
5180 
5181 
5182 
5183 
5184 
5185 
5186 
5187 
5188 
5189 
5190 
5191 
5192 
5193 
5194 
5195 
5196 
5197 
5198 
5199 
5200 
5201 
5202 
5203 
5204 
5205 
5206 
5207 
5208 
5209 
5210 
5211 
5212 
5213 
5214 
5215 
5216 
5217 
5218 
5219 
5220 
5221 
5222 
5223 
5224 
5225 
5226 
5227 
5228 
5229 
5230 
5231 
5232 
5233 
5234 
5235 
5236 
5237 
5238 
5239 
5240 
5241 
5242 
5243 
5244 
5245 
5246 
5247 
5248 
5249 
5250 
5251 
5252 
5253 
5254 
5255 
5256 
5257 
5258 
5259 
5260 
5261 
5262 
5263 
5264 
5265 
5266 
5267 
5268 
5269 
5270 
5271 
5272 
5273 
5274 
5275 
5276 
5277 
5278 
5279 
5280 
5281 
5282 
5283 
5284 
5285 
5286 
5287 
5288 
5289 
5290 
5291 
5292 
5293 
5294 
5295 
5296 
5297 
5298 
5299 
5300 
5301 
5302 
5303 
5304 
5305 
5306 
5307 
5308 
5309 
5310 
5311 
5312 
5313 514,0,894,194,4 
5314 
5315 
5316 
5317 
5318 
5319 508,0,906,190,4 
5320 508,0,906,189,4 
5321 
5322 
5323 
5324 
5325 
5326 
5327 
5328 485,0,910,195,4 
5329 477,0,920,194,4 
5330 435,0,848,200,4 
5331 
5332 
5333 540,130,583,169,5 447,0,824,199,4 
5334 
5335 441,0,823,203,4 
5336 436,0,825,201,4 
5337 432,0,825,201,4 
5338 433,0,825,201,4 
5339 429,0,820,204,4 
5340 427,0,823,203,4 
5341 423,0,825,201,4 
5342 411,0,838,202,4 
5343 412,0,837,204,4 
5344 413,0,835,204,4 
5345 421,0,808,200,4 
5346 410,0,809,203,4 
5347 413,0,818,202,4 
5348 410,0,804,203,4 681,101,722,129,0 
5349 408,0,813,198,4 
5350 407,0,814,198,4 
5351 407,0,794,203,4 
5352 407,0,795,203,4 
5353 660,107,713,131,5 
5354 
5355 
5356 
5357 
5358 659,98,698,132,0 
5359 
5360 340,2,742,210,4 
5361 340,2,743,210,4 
5362 332,4,746,213,4 
5363 327,0,752,211,4 
5364 330,0,742,214,4 
5365 338,0,733,205,4 
5366 333,0,733,211,4 
5367 334,0,734,211,4 
5368 328,1,740,210,4 
5369 328,0,739,210,4 
5370 327,0,734,208,4 
5371 315,0,734,212,4 
5372 317,0,731,208,4 
5373 317,0,731,208,4 
5374 325,0,718,202,4 
5375 310,5,730,209,4 
5376 310,5,728,211,4 
5377 300,8,739,212,4 
5378 301,3,731,212,4 
5379 302,3,730,212,4 
5380 306,1,721,207,4 
5381 300,5,716,210,4 
5382 301,3,715,210,4 
5383 301,0,699,210,4 
5384 308,0,685,205,4 
5385 307,0,686,206,4 
5386 
5387 259,0,647,213,4 
5388 248,0,662,213,4 
5389 248,0,662,215,4 
5390 259,0,648,203,4 
5391 259,0,648,203,4 
5392 253,0,646,206,4 
5393 243,0,663,212,4 
5394 242,0,665,215,4 
5395 240,0,667,211,4 
5396 242,0,656,206,4 
5397 231,0,655,213,4 
5398 232,0,655,213,4 
5399 230,0,655,210,4 
5400 220,0,657,210,4 
5401 228,0,648,211,4 
5402 218,0,640,211,4 
5403 208,0,638,204,4 
5404 209,0,638,204,4 
5405 
5406 
5407 230,3,613,195,4 
5408 218,1,614,201,4 
5409 217,5,610,195,4 
5410 217,5,611,195,4 
5411 198,0,618,215,4 
5412 207,0,613,203,4 
5413 207,0,614,204,4 
5414 
5415 215,0,601,196,4 
5416 214,0,601,197,4 
5417 202,3,602,198,4 
5418 211,5,594,194,4 
5419 
5420 
5421 
5422 
5423 
5424 151,0,569,205,4 
5425 
5426 
5427 139,0,570,214,4 
5428 139,0,571,214,4 
5429 
5430 134,4,561,207,4 
5431 132,5,551,200,4 
5432 1160,683,1203,773,0 
5433 134,0,543,207,4 
5434 135,0,542,207,4 
5435 135,0,541,200,4 
5436 122,0,550,209,4 
5437 114,5,542,197,4 
5438 132,0,523,197,4 
5439 
5440 
5441 
5442 
5443 
5444 
5445 1169,663,1219,764,0 
5446 1168,662,1219,764,0 
5447 
5448 
5449 
5450 
5451 
5452 
5453 
5454 
5455 
5456 
5457 
5458 
5459 
5460 
5461 
5462 
5463 
5464 
5465 
5466 
5467 
5468 
5469 
5470 
5471 
5472 
5473 
5474 
5475 
5476 
5477 
5478 
5479 
5480 
5481 
5482 
5483 
5484 
5485 
5486 
5487 
5488 
5489 
5490 
5491 
5492 
5493 
5494 
5495 
5496 
5497 
5498 
5499 
5500 
5501 
5502 
5503 
5504 
5505 
5506 
5507 
5508 
5509 
5510 
5511 
5512 
5513 
5514 
5515 
5516 
5517 
5518 
5519 
5520 
5521 
5522 
5523 
5524 
5525 
5526 
5527 
5528 
5529 
5530 
5531 
5532 
5533 
5534 
5535 
5536 
5537 
5538 
5539 
5540 
5541 
5542 
5543 
5544 
5545 
5546 
5547 
5548 
5549 
5550 
5551 
5552 
5553 
5554 
5555 
5556 
5557 
5558 
5559 
5560 
5561 
5562 
5563 
5564 
5565 
5566 
5567 
5568 
5569 
5570 
5571 
5572 
5573 
5574 
5575 
5576 
5577 
5578 
5579 
5580 
5581 
5582 
5583 
5584 
5585 
5586 
5587 
5588 
5589 
5590 
5591 
5592 
5593 
5594 
5595 
5596 
5597 
5598 
5599 
5600 
5601 
5602 
5603 
5604 
5605 
5606 
5607 
5608 
5609 
5610 
5611 
5612 
5613 
5614 
5615 
5616 
5617 
5618 
5619 1179,667,1231,761,0 
5620 1178,667,1231,761,0 
5621 1179,667,1229,762,0 
5622 
5623 
5624 
5625 
5626 
5627 
5628 
5629 
5630 
5631 
5632 
5633 
5634 
5635 
5636 
5637 
5638 
5639 
5640 
5641 
5642 1161,683,1204,789,0 
5643 
5644 
5645 
5646 
5647 
5648 
5649 
5650 
5651 
5652 
5653 
5654 
5655 
5656 
5657 
5658 
5659 
5660 
5661 
5662 
5663 
5664 
5665 
5666 
5667 
5668 
5669 
5670 
5671 
5672 
5673 
5674 
5675 
5676 
5677 
5678 
5679 
5680 
5681 
5682 
5683 
5684 
5685 
5686 
5687 
5688 
5689 
5690 772,161,795,234,0 
5691 772,162,795,234,0 
5692 
5693 
5694 772,152,798,238,0 